2 1 0 1 10 0 1.00425 1.02707 0.5 1.00425 1.02707 0.5 0 0 0 0 0 0 
1 1 0 0.998001 10 0.413924 1.00421 1.02702 0.5 1.00421 1.02702 0.5 -0.00927323 0.0054135 -0.00927323 -0.0054135 0.13536 0 
1 1 0 0.996002 10 0.414193 1.00417 1.02698 0.5 1.00417 1.02698 0.5 -0.00932446 0.00556728 -0.00932446 -0.00556728 0.13536 0 
1 1 0 0.992004 10 0.414733 1.00409 1.02688 0.5 1.00409 1.02688 0.5 -0.00942401 0.00588212 -0.00942401 -0.00588212 0.13536 0 
1 1 0 0.984008 10 0.41582 1.00393 1.02669 0.5 1.00393 1.02669 0.5 -0.00961047 0.00654149 -0.00961047 -0.00654149 0.13536 0 
1 1 0 0.968016 10 0.41803 1.0036 1.02631 0.5 1.0036 1.02631 0.5 -0.00992328 0.00798376 -0.00992328 -0.00798376 0.13536 0 
1 1 0 0.936032 10 0.422592 1.00295 1.02552 0.5 1.00295 1.02552 0.5 -0.0102213 0.0113975 -0.0102213 -0.0113975 0.13536 0 
1 1 0 0.886059 10 0.430123 1.00193 1.02424 0.5 1.00193 1.02424 0.5 -0.00929465 0.0182655 -0.00929465 -0.0182655 0.13536 0 
1 1 0 0.836087 10 0.438191 1.00089 1.0229 0.5 1.00089 1.0229 0.5 -0.0055265 0.0270202 -0.0055265 -0.0270202 0.13536 0 
1 1 0 0.786118 10 0.446853 0.999854 1.02149 0.5 0.999854 1.02149 0.5 0.00284104 0.0372092 0.00284104 -0.0372092 0.13536 0 
1 1 0 0.736151 10 0.456174 0.998814 1.02 0.5 0.998814 1.02 0.5 0.0180558 0.0474631 0.0180558 -0.0474631 0.13536 0 
1 1 0 0.686186 10 0.466228 0.997778 1.01844 0.5 0.997778 1.01844 0.5 0.0426484 0.0548917 0.0426484 -0.0548917 0.13536 0 
1 1 0 0.636224 10 0.477099 0.996755 1.01678 0.5 0.996755 1.01678 0.5 0.0788436 0.0543091 0.0788436 -0.0543091 0.13536 0 
1 1 0 0.586265 10 0.488885 0.995753 1.01503 0.5 0.995753 1.01503 0.5 0.127321 0.0373994 0.127321 -0.0373994 0.13536 0 
1 1 0 0.536308 10 0.501696 0.994784 1.01317 0.5 0.994784 1.01317 0.5 0.18498 -0.00786096 0.18498 0.00786096 0.13536 0 
1 1 0 0.486356 10 0.515659 0.993864 1.0112 0.5 0.993864 1.0112 0.5 0.241378 -0.096857 0.241378 0.096857 0.13536 0 
1 1 0 0.436407 10 0.530921 0.99301 1.0091 0.5 0.99301 1.0091 0.5 0.273704 -0.245862 0.273704 0.245862 0.13536 0 
1 1 0 0.386462 10 0.547649 0.992246 1.00687 0.5 0.992246 1.00687 0.5 0.240866 -0.465563 0.240866 0.465563 0.13536 0 
1 1 0 0.336523 10 0.566036 0.991603 1.00449 0.5 0.991603 1.00449 0.5 0.0786634 -0.74812 0.0786634 0.74812 0.13536 0 
1 1 0 0.297944 10 0.581506 0.991211 1.00255 0.5 0.991211 1.00255 0.5 -0.189289 -0.981352 -0.189289 0.981352 0.13536 0 
2 1 0 0.248015 10 0.603398 0.990874 0.999896 0.5 0.990874 0.999896 0.5 -0.799233 -1.21308 -0.799233 1.21308 0.13536 0 
2 1 0 0.198094 10 0.627624 0.990779 0.997082 0.5 0.990779 0.997082 0.5 -1.77144 -1.1766 -1.77144 1.1766 0.13536 0 
2 1 0 0.148183 10 0.654501 0.990986 0.994114 0.5 0.990986 0.994114 0.5 -3.08597 -0.546233 -3.08597 0.546233 0.13536 0 
2 1 0 0.0982829 10 0.684376 0.991564 0.991005 0.5 0.991564 0.991005 0.5 -4.50915 1.12202 -4.50915 -1.12202 0.13536 0 
2 1 0 0.048397 10 0.717638 0.992588 0.987788 0.5 0.992588 0.987788 0.5 -5.43085 4.2974 -5.43085 -4.2974 0.13536 0 
2 1 0 -0.00147156 10 0.754727 0.994139 0.984515 0.5 0.994139 0.984515 0.5 -4.70356 9.23383 -4.70356 -9.23383 0.13536 0 
2 1 0 -0.0513191 10 0.796157 0.996292 0.981261 0.5 0.996292 0.981261 0.5 -0.589118 15.5307 -0.589118 -15.5307 0.13536 0 
2 1 0 -0.101141 10 0.842563 0.999111 0.978131 0.5 0.999111 0.978131 0.5 9.00876 21.5019 9.00876 -21.5019 0.13536 0 
4 -2 0 0.297943 0.297943 0.581506 0.991211 1.00255 0.5 0.991211 1.00255 0.5 9.00876 21.5019 9.00876 -21.5019 0.13536 0 
3 -2 0 0.297857 0.297857 0.581568 0.992182 1.00357 0.5 0.990237 1.00152 0.5 0.999733 0 0.999492 0 0.312577 0 
3 -2 0 0.297854 0.297854 0.581601 0.992859 1.00429 0.5 0.989559 1.0008 0.5 1 0 0.999971 0 0.312518 0 
3 -2 0 0.29782 0.29782 0.582125 0.996743 1.0084 0.5 0.985662 0.996706 0.5 1 0 0.999678 0 0.312189 0 
3 -2 0 0.297701 0.297701 0.583976 1.00255 1.01459 0.5 0.979803 0.990577 0.5 1 0 0.998646 0 0.311036 0 
3 -2 0 0.297367 0.297367 0.589136 1.01124 1.02392 0.5 0.970983 0.981421 0.5 1 0 0.995778 0 0.307843 0 
3 -2 0 0.296524 0.296524 0.602197 1.0242 1.03801 0.5 0.957689 0.967771 0.5 0.999999 0 0.988579 0 0.299908 0 
3 -2 0 0.294516 0.294516 0.633503 1.04349 1.05934 0.5 0.937617 0.947473 0.5 0.999994 0 0.971635 0 0.281714 0 
3 -2 0 0.289952 0.289952 0.705571 1.07211 1.09175 0.5 0.907283 0.917386 0.5 0.999983 0 0.933934 0 0.243927 0 
3 -2 0 0.280111 0.280111 0.865023 1.1145 1.14098 0.5 0.861555 0.872953 0.5 1 0 0.854161 0 0.177304 0 
3 -2 0 0.266007 0.266007 1.10239 1.16057 1.195 0.5 0.811695 0.825084 0.5 1 0 0.744728 0 0.110298 0 
3 -2 0 0.24912 0.24912 1.39983 1.20645 1.2479 0.5 0.762946 0.778221 0.5 1 0 0.61877 0 0.0608466 0 
3 -2 0 0.229822 0.229822 1.75952 1.25216 1.29853 0.5 0.716135 0.732652 0.5 1 0 0.483371 0 0.0296371 0 
3 -2 0 0.208344 0.208344 2.19138 1.2974 1.34573 0.5 0.672118 0.688876 0.5 1 0 0.348333 0 0.0124959 0 
3 -2 0 0.184913 0.184913 2.71414 1.3415 1.38837 0.5 0.631725 0.647513 0.5 1 0 0.225566 0 0.00439282 0 
3 -2 0 0.159828 0.159828 3.3591 1.3834 1.42528 0.5 0.59572 0.609277 0.5 0.999999 0 0.126226 0 0.00120948 0 
3 -2 0 0.133511 0.133511 4.17815 1.42158 1.45529 0.5 0.564776 0.575021 0.5 0.999997 0 0.0572635 0 0.000235101 0 
3 -2 0 0.106544 0.106544 5.26148 1.454 1.47739 0.5 0.539457 0.545846 0.5 0.999986 0 0.0187732 0 2.69396e-05 0 
3 -2 0 0.0797367 0.0797367 6.77897 1.47841 1.49126 0.5 0.520238 0.523158 0.5 0.999903 0 0.00352203 0 1.29559e-06 0 
3 -2 0 0.0542549 0.0542549 9.08687 1.4932 1.49788 0.5 0.507577 0.508371 0.5 0.99531 0 3.64848e-05 0 1.28071e-08 0 
3 -2 0 0.0320654 0.0320654 12.991 1.49906 1.49979 0.5 0.501536 0.501635 0.5 0.997504 0 1.11537e-06 0 4.9886e-12 0 
3 -2 0 0.0236069 0.0236069 15.8548 1.4998 1.49996 0.5 0.500509 0.500537 0.5 0.984411 0 -8.66964e-09 0 1.4707e-14 0 
4 -2 0 0.0193037 0.0193037 18.2614 1.49996 1.49999 0.5 0.500221 0.500232 0.5 0.524716 0 9.79732e-08 0 8.094e-17 0 
4 -2 0 0.0187162 0.0187162 18.7558 1.49998 1.49999 0.5 0.500192 0.500202 0.5 0.945938 0 -5.83888e-10 0 5.37757e-17 0 
3 -2 0 0.0183692 0.0183692 19.1128 1.49998 1.5 0.5 0.500176 0.500185 0.5 0.999854 0 4.78612e-10 0 2.51722e-17 0 
3 -2 0 0.0181172 0.0181172 19.4341 1.49999 1.5 0.5 0.500164 0.500173 0.5 0.999905 0 3.37172e-10 0 1.32373e-17 0 
3 -2 0 0.0179356 0.0179356 19.734 1.49999 1.5 0.5 0.500157 0.500165 0.5 0.999877 0 2.47062e-10 0 7.26696e-18 0 
3 -2 0 0.017807 0.017807 20.0237 1.5 1.5 0.5 0.500151 0.500159 0.5 0.999797 0 1.85564e-10 0 4.07154e-18 0 
3 -2 0 0.0177183 0.0177183 20.3133 1.5 1.5 0.5 0.500147 0.500155 0.5 0.999571 0 1.41518e-10 0 2.28153e-18 0 
3 -2 0 0.0176594 0.0176594 20.6124 1.5 1.5 0.5 0.500145 0.500153 0.5 0.998861 0 1.07915e-10 0 1.25457e-18 0 
3 -2 0 0.017622 0.017622 20.9302 1.5 1.5 0.5 0.500144 0.500151 0.5 0.996294 0 7.56788e-11 0 6.64506e-19 0 
3 -2 0 0.0175996 0.0175996 21.2762 1.5 1.5 0.5 0.500143 0.50015 0.5 0.985691 0 4.56455e-11 0 3.32745e-19 0 
4 -2 0 0.0175872 0.0175872 21.66 1.5 1.5 0.5 0.500142 0.50015 0.5 0.935901 0 2.7547e-12 0 1.5449e-19 0 
4 -2 0 0.0175808 0.0175808 22.0921 1.5 1.5 0.5 0.500142 0.500149 0.5 0.670133 0 -2.79468e-10 0 6.51361e-20 0 
4 -2 0 0.0175779 0.0175779 22.5844 1.5 1.5 0.5 0.500142 0.500149 0.5 0.957454 0 1.02085 0 2.43657e-20 0 
4 -2 0 0.0175767 0.0175767 23.126 1.5 1.5 0.5 0.500142 0.500149 0.5 0.432115 0 -2.16328e-10 0 8.22917e-21 0 
4 -2 0 0.0175762 0.0175762 23.9358 1.5 1.5 0.5 0.500142 0.500149 0.5 83.7598 0 0.0236355 0 1.63885e-21 0 
