2 1 0 1 10 0 1.99575 1.97293 0.5 1.99575 1.97293 0.5 0 0 0 0 0 0 
1 1 0 0.998001 10 0.413924 1.99579 1.97298 0.5 1.99579 1.97298 0.5 -0.00927323 0.0054135 -0.00927323 -0.0054135 0.13536 0 
1 1 0 0.996002 10 0.414193 1.99583 1.97302 0.5 1.99583 1.97302 0.5 -0.00932446 0.00556728 -0.00932446 -0.00556728 0.13536 0 
1 1 0 0.992004 10 0.414733 1.99591 1.97312 0.5 1.99591 1.97312 0.5 -0.00942401 0.00588212 -0.00942401 -0.00588212 0.13536 0 
1 1 0 0.984008 10 0.41582 1.99607 1.97331 0.5 1.99607 1.97331 0.5 -0.00961047 0.00654149 -0.00961047 -0.00654149 0.13536 0 
1 1 0 0.968016 10 0.41803 1.9964 1.97369 0.5 1.9964 1.97369 0.5 -0.00992328 0.00798376 -0.00992328 -0.00798376 0.13536 0 
1 1 0 0.936032 10 0.422592 1.99705 1.97448 0.5 1.99705 1.97448 0.5 -0.0102213 0.0113975 -0.0102213 -0.0113975 0.13536 0 
1 1 0 0.886059 10 0.430123 1.99807 1.97576 0.5 1.99807 1.97576 0.5 -0.00929465 0.0182655 -0.00929465 -0.0182655 0.13536 0 
1 1 0 0.836087 10 0.438191 1.99911 1.9771 0.5 1.99911 1.9771 0.5 -0.0055265 0.0270202 -0.0055265 -0.0270202 0.13536 0 
1 1 0 0.786118 10 0.446853 2.00015 1.97851 0.5 2.00015 1.97851 0.5 0.00284104 0.0372092 0.00284104 -0.0372092 0.13536 0 
1 1 0 0.736151 10 0.456174 2.00119 1.98 0.5 2.00119 1.98 0.5 0.0180558 0.0474631 0.0180558 -0.0474631 0.13536 0 
1 1 0 0.686186 10 0.466228 2.00222 1.98156 0.5 2.00222 1.98156 0.5 0.0426484 0.0548917 0.0426484 -0.0548917 0.13536 0 
1 1 0 0.636224 10 0.477099 2.00324 1.98322 0.5 2.00324 1.98322 0.5 0.0788436 0.0543091 0.0788436 -0.0543091 0.13536 0 
1 1 0 0.586265 10 0.488885 2.00425 1.98497 0.5 2.00425 1.98497 0.5 0.127321 0.0373994 0.127321 -0.0373994 0.13536 0 
1 1 0 0.536308 10 0.501696 2.00522 1.98683 0.5 2.00522 1.98683 0.5 0.18498 -0.00786096 0.18498 0.00786096 0.13536 0 
1 1 0 0.486356 10 0.515659 2.00614 1.9888 0.5 2.00614 1.9888 0.5 0.241378 -0.096857 0.241378 0.096857 0.13536 0 
1 1 0 0.436407 10 0.530921 2.00699 1.9909 0.5 2.00699 1.9909 0.5 0.273704 -0.245862 0.273704 0.245862 0.13536 0 
1 1 0 0.386462 10 0.547649 2.00775 1.99313 0.5 2.00775 1.99313 0.5 0.240866 -0.465563 0.240866 0.465563 0.13536 0 
1 1 0 0.336523 10 0.566036 2.0084 1.99551 0.5 2.0084 1.99551 0.5 0.0786634 -0.74812 0.0786634 0.74812 0.13536 0 
1 1 0 0.297944 10 0.581506 2.00879 1.99745 0.5 2.00879 1.99745 0.5 -0.189289 -0.981352 -0.189289 0.981352 0.13536 0 
2 1 0 0.248015 10 0.603398 2.00913 2.0001 0.5 2.00913 2.0001 0.5 -0.799233 -1.21308 -0.799233 1.21308 0.13536 0 
2 1 0 0.198093 10 0.627624 2.00922 2.00292 0.5 2.00922 2.00292 0.5 -1.77146 -1.17659 -1.77146 1.17659 0.13536 0 
2 1 0 0.148182 10 0.654501 2.00901 2.00589 0.5 2.00901 2.00589 0.5 -3.08599 -0.546215 -3.08599 0.546215 0.13536 0 
2 1 0 0.0982821 10 0.684376 2.00844 2.00899 0.5 2.00844 2.00899 0.5 -4.50917 1.12206 -4.50917 -1.12206 0.13536 0 
2 1 0 0.0483962 10 0.717639 2.00741 2.01221 0.5 2.00741 2.01221 0.5 -5.43086 4.29746 -5.43086 -4.29746 0.13536 0 
2 1 0 -0.0014724 10 0.754728 2.00586 2.01549 0.5 2.00586 2.01549 0.5 -4.70353 9.23392 -4.70353 -9.23392 0.13536 0 
2 1 0 -0.05132 10 0.796157 2.00371 2.01874 0.5 2.00371 2.01874 0.5 -0.589009 15.5308 -0.589009 -15.5308 0.13536 0 
2 1 0 -0.101142 10 0.842564 2.00089 2.02187 0.5 2.00089 2.02187 0.5 9.00898 21.502 9.00898 -21.502 0.13536 0 
4 -2 0 0.297943 0.297943 0.581506 2.00879 1.99745 0.5 2.00879 1.99745 0.5 9.00898 21.502 9.00898 -21.502 0.13536 0 
3 -2 0 0.297857 0.297857 0.581568 2.00976 1.99848 0.5 2.00782 1.99643 0.5 0.999733 0 0.999491 0 0.312577 0 
3 -2 0 0.297854 0.297854 0.581601 2.01044 1.9992 0.5 2.00714 1.99571 0.5 1 0 0.999971 0 0.312518 0 
3 -2 0 0.29782 0.29782 0.582125 2.01434 2.00329 0.5 2.00326 1.9916 0.5 1 0 0.999678 0 0.312189 0 
3 -2 0 0.297701 0.297701 0.583976 2.0202 2.00942 0.5 1.99745 1.98541 0.5 1 0 0.998646 0 0.311036 0 
3 -2 0 0.297367 0.297367 0.589136 2.02902 2.01858 0.5 1.98876 1.97608 0.5 1 0 0.995777 0 0.307843 0 
3 -2 0 0.296524 0.296524 0.602197 2.04231 2.03223 0.5 1.9758 1.96199 0.5 0.999999 0 0.988567 0 0.299908 0 
3 -2 0 0.294516 0.294516 0.633503 2.06238 2.05253 0.5 1.95651 1.94066 0.5 0.999995 0 0.971537 0 0.281714 0 
3 -2 0 0.289952 0.289952 0.705571 2.09272 2.08261 0.5 1.92789 1.90825 0.5 0.999975 0 0.933355 0 0.243927 0 
3 -2 0 0.280111 0.280111 0.865023 2.13844 2.12705 0.5 1.8855 1.85902 0.5 1 0 0.854161 0 0.177304 0 
3 -2 0 0.266007 0.266007 1.10239 2.18831 2.17492 0.5 1.83943 1.805 0.5 1 0 0.744728 0 0.110298 0 
3 -2 0 0.24912 0.24912 1.39983 2.23705 2.22178 0.5 1.79356 1.7521 0.5 1 0 0.61877 0 0.0608466 0 
3 -2 0 0.229822 0.229822 1.75952 2.28387 2.26735 0.5 1.74784 1.70147 0.5 1 0 0.483371 0 0.0296371 0 
3 -2 0 0.208344 0.208344 2.19138 2.32788 2.31112 0.5 1.7026 1.65427 0.5 1 0 0.348333 0 0.0124959 0 
3 -2 0 0.184913 0.184913 2.71414 2.36828 2.35249 0.5 1.6585 1.61163 0.5 1 0 0.225566 0 0.00439282 0 
3 -2 0 0.159828 0.159828 3.3591 2.40428 2.39072 0.5 1.6166 1.57472 0.5 0.999999 0 0.126226 0 0.00120948 0 
3 -2 0 0.133511 0.133511 4.17815 2.43522 2.42498 0.5 1.57842 1.54471 0.5 0.999996 0 0.0572642 0 0.000235101 0 
3 -2 0 0.106544 0.106544 5.26148 2.46054 2.45415 0.5 1.546 1.52261 0.5 0.999984 0 0.0187755 0 2.69396e-05 0 
3 -2 0 0.0797367 0.0797367 6.77897 2.47976 2.47684 0.5 1.52159 1.50874 0.5 0.99995 0 0.00351559 0 1.29559e-06 0 
3 -2 0 0.0542549 0.0542549 9.08687 2.49242 2.49163 0.5 1.5068 1.50212 0.5 0.999202 0 -0.000952755 0 1.28071e-08 0 
3 -2 0 0.0320654 0.0320654 12.991 2.49846 2.49836 0.5 1.50094 1.50021 0.5 0.999839 0 -0.00046997 0 4.9886e-12 0 
3 -2 0 0.0236069 0.0236069 15.8548 2.49949 2.49946 0.5 1.5002 1.50004 0.5 0.999854 0 -0.00257864 0 1.4707e-14 0 
3 -2 0 0.0193037 0.0193037 18.2614 2.49978 2.49977 0.5 1.50004 1.50001 0.5 0.998126 0 -0.0649071 0 8.09389e-17 0 
3 -2 0 0.0187162 0.0187162 18.7558 2.49981 2.4998 0.5 1.50002 1.50001 0.5 0.999865 0 -0.00621799 0 5.37799e-17 0 
3 -2 0 0.0183692 0.0183692 19.1128 2.49982 2.49982 0.5 1.50002 1.5 0.5 1 0 -1.49758e-05 0 2.51721e-17 0 
3 -2 0 0.0181172 0.0181172 19.4341 2.49984 2.49983 0.5 1.50001 1.5 0.5 1 0 -8.7533e-06 0 1.32373e-17 0 
3 -2 0 0.0179356 0.0179356 19.734 2.49984 2.49984 0.5 1.50001 1.5 0.5 1 0 -9.96202e-06 0 7.26694e-18 0 
3 -2 0 0.017807 0.017807 20.0237 2.49985 2.49984 0.5 1.5 1.5 0.5 1 0 -1.4338e-05 0 4.07153e-18 0 
3 -2 0 0.0177183 0.0177183 20.3133 2.49985 2.49984 0.5 1.5 1.5 0.5 1 0 -2.58314e-05 0 2.28153e-18 0 
3 -2 0 0.0176594 0.0176594 20.6124 2.49985 2.49985 0.5 1.5 1.5 0.5 0.999999 0 -5.72765e-05 0 1.25457e-18 0 
3 -2 0 0.017622 0.017622 20.9302 2.49986 2.49985 0.5 1.5 1.5 0.5 0.999997 0 -0.000151602 0 6.64505e-19 0 
3 -2 0 0.0175996 0.0175996 21.2762 2.49986 2.49985 0.5 1.5 1.5 0.5 0.999994 0 -0.000463569 0 3.32744e-19 0 
3 -2 0 0.0175872 0.0175872 21.66 2.49986 2.49985 0.5 1.5 1.5 0.5 0.99999 0 -0.00161583 0 1.5449e-19 0 
3 -2 0 0.0175808 0.0175808 22.0921 2.49986 2.49985 0.5 1.5 1.5 0.5 0.999918 0 -0.00696873 0 6.51359e-20 0 
3 -2 0 0.0175779 0.0175779 22.5844 2.49986 2.49985 0.5 1.5 1.5 0.5 0.999987 0 -0.530121 0 2.43656e-20 0 
3 -2 0 0.0175767 0.0175767 23.1206 2.49986 2.49985 0.5 1.5 1.5 0.5 0.999996 0 -0.00142037 0 8.31875e-21 0 
4 -2 0 0.0175762 0.0175762 23.9309 2.49986 2.49985 0.5 1.5 1.5 0.5 1.13065 0 0.0101127 0 1.65563e-21 0 
4 -2 0 0.0175761 0.0175761 24.8697 2.49986 2.49985 0.5 1.5 1.5 0.5 4954.29 0 0.000338357 0 2.75171e-22 0 
4 -2 0 0.0175761 0.0175761 25.8803 2.49986 2.49985 0.5 1.5 1.5 0.5 10916 0 0.000104967 0 3.81379e-23 0 
4 -2 0 0.0175761 0.0175761 26.9618 2.49986 2.49985 0.5 1.5 1.5 0.5 2.68665e-18 0 -770748 0 -9.55861e-19 0 
4 -2 0 0.0175761 0.0175761 28.1205 2.49986 2.49985 0.5 1.5 1.5 0.5 5.76555e-19 0 -9.13156e+06 0 -3.08579e-20 0 
4 -2 0 0.0175761 0.0175761 29.3646 2.49986 2.49985 0.5 1.5 1.5 0.5 7.97412e-23 0 -1.27885e+08 0 -4.23555e-21 0 
4 -2 0 0.0175761 0.0175761 30.7037 2.49986 2.49985 0.5 1.5 1.5 0.5 2.69384e-23 0 -2.15368e+09 0 0 0 
4 -2 0 0.0175762 0.0175762 32.1488 2.49986 2.49985 0.5 1.5 1.5 0.5 5.47689e-20 0 -4.43666e+10 0 -0 0 
4 -2 0 0.0175762 0.0175762 33.7127 2.49986 2.49985 0.5 1.5 1.5 0.5 2.42718e-21 0 -1.13786e+12 0 -0 0 
4 -2 0 0.0175762 0.0175762 35.4106 2.49986 2.49985 0.5 1.5 1.5 0.5 1.23133e-29 0 -3.26944e+13 0 1.213e-21 0 
4 -2 0 0.0175761 0.0175761 37.2602 2.49986 2.49985 0.5 1.5 1.5 0.5 1.05984e-27 0 -2.03275e+15 0 -0 0 
4 -2 0 0.0175762 0.0175762 39.2828 2.49986 2.49985 0.5 1.5 1.5 0.5 7.70888e-29 0 3.71423e+15 0 -0 0 
4 -2 0 0.0175763 0.0175763 41.5039 2.49986 2.49985 0.5 1.5 1.5 0.5 1.50648e-29 0 -6.54785e+14 0 -0 0 
4 -2 0 0.0175761 0.0175761 43.955 2.49986 2.49985 0.5 1.5 1.5 0.5 7.49052e-32 0 -2.88257e+15 0 -2.01498e-21 0 
4 -2 0 0.0175763 0.0175763 46.6739 2.49986 2.49985 0.5 1.5 1.5 0.5 1.74051e-32 0 -3.36706e+15 0 -0 0 
4 -2 0 0.0175776 0.0175776 49.7072 2.49986 2.49985 0.5 1.5 1.5 0.5 9.13948e-30 0 -2.2026e+14 0 8.73084e-22 0 
4 -2 0 0.0175761 0.0175761 51.165 2.49986 2.49985 0.5 1.5 1.5 0.5 1.8984e-29 0 -2.88664e+14 0 -0 0 
4 -2 0 0.0175761 0.0175761 52.5478 2.49986 2.49985 0.5 1.5 1.5 0.5 1.85744e-31 0 -3.29715e+14 0 -0 0 
4 -2 0 0.0175761 0.0175761 53.9808 2.49986 2.49985 0.5 1.5 1.5 0.5 1.79694e-29 0 -1.11191e+12 0 -1.78658e-22 0 
4 -2 0 0.0175761 0.0175761 55.4758 2.49986 2.49985 0.5 1.5 1.5 0.5 5.00059e-30 0 -6.0146e+12 0 1.87681e-21 0 
