2 1 0 0 9 0 5e-05 5e-05 5e-05 5e-05 5e-05 5e-05 0 0 0 0 0 0 
1 1 0 0.000229416 9 8.26543e+08 0.00119708 0.00119708 0.00119708 0.00119708 0.00119708 0.00119708 0.818731 0 0.818731 6.2238e-09 0.818731 -6.2238e-09 
1 1 0 0.000458832 9 1.07774e+08 0.00234416 0.00234416 0.00234416 0.00234416 0.00234416 0.00234416 0.818731 0 0.818731 4.77319e-08 0.818731 -4.77319e-08 
1 1 0 0.000917664 9 1.37637e+07 0.00463832 0.00463832 0.00463832 0.00463832 0.00463832 0.00463832 0.81873 0 0.818731 3.73755e-07 0.818731 -3.73755e-07 
1 1 0 0.00183534 9 1.73917e+06 0.00922663 0.00922663 0.00922663 0.00922663 0.00922663 0.00922663 0.818727 0 0.818732 2.95788e-06 0.818732 -2.95788e-06 
1 1 0 0.00367086 9 218590 0.0184032 0.0184032 0.0184032 0.0184032 0.0184032 0.0184032 0.818703 0 0.818745 2.35341e-05 0.818745 -2.35341e-05 
1 1 0 0.00734458 9 27409.4 0.0367563 0.0367563 0.0367563 0.0367563 0.0367563 0.0367563 0.818509 0 0.818842 0.000187707 0.818842 -0.000187707 
1 1 0 0.0131096 9 4866.19 0.0654313 0.0654313 0.0654313 0.0654313 0.0654313 0.0654313 0.817484 0 0.819354 0.00105794 0.819354 -0.00105794 
1 1 0 0.0189529 9 1643.75 0.094101 0.094101 0.094101 0.094101 0.094101 0.094101 0.815044 0 0.820575 0.00313663 0.820575 -0.00313663 
1 1 0 0.0249552 9 747.082 0.12276 0.12276 0.12276 0.12276 0.12276 0.12276 0.810638 0 0.822778 0.00691998 0.822778 -0.00691998 
1 1 0 0.0312261 9 404.005 0.151399 0.151399 0.151399 0.151399 0.151399 0.151399 0.803824 0 0.826187 0.0128501 0.826187 -0.0128501 
1 1 0 0.0379032 9 245.372 0.180008 0.180008 0.180008 0.180008 0.180008 0.180008 0.794321 0 0.830943 0.0212825 0.830943 -0.0212825 
1 1 0 0.0451506 9 162.157 0.208571 0.208571 0.208571 0.208571 0.208571 0.208571 0.782056 0 0.83708 0.0324511 0.83708 -0.0324511 
1 1 0 0.053158 9 114.381 0.237066 0.237066 0.237066 0.237066 0.237066 0.237066 0.767186 0 0.844512 0.0464376 0.844512 -0.0464376 
1 1 0 0.0621363 9 85.0283 0.265464 0.265464 0.265464 0.265464 0.265464 0.265464 0.750086 0 0.85304 0.0631506 0.85304 -0.0631506 
1 1 0 0.0723143 9 66.0196 0.293727 0.293727 0.293727 0.293727 0.293727 0.293727 0.731303 0 0.862369 0.0823217 0.862369 -0.0823217 
1 1 0 0.0839306 9 53.1817 0.321805 0.321805 0.321805 0.321805 0.321805 0.321805 0.71148 0 0.872152 0.103523 0.872152 -0.103523 
1 1 0 0.0972249 9 44.2108 0.349633 0.349633 0.349633 0.349633 0.349633 0.349633 0.691279 0 0.882031 0.126204 0.882031 -0.126204 
1 1 0 0.112425 9 37.7634 0.377135 0.377135 0.377135 0.377135 0.377135 0.377135 0.67131 0 0.891684 0.149745 0.891684 -0.149745 
1 1 0 0.129733 9 33.0199 0.404217 0.404217 0.404217 0.404217 0.404217 0.404217 0.652076 0 0.900849 0.173517 0.900849 -0.173517 
1 1 0 0.149309 9 29.4606 0.43078 0.43078 0.43078 0.43078 0.43078 0.43078 0.633951 0 0.909349 0.196936 0.909349 -0.196936 
1 1 0 0.171259 9 26.7446 0.456718 0.456718 0.456718 0.456718 0.456718 0.456718 0.617177 0 0.917086 0.219507 0.917086 -0.219507 
1 1 0 0.195624 9 24.6417 0.481926 0.481926 0.481926 0.481926 0.481926 0.481926 0.601873 0 0.924029 0.240853 0.924029 -0.240853 
1 1 0 0.22238 9 22.9924 0.506312 0.506312 0.506312 0.506312 0.506312 0.506312 0.588063 0 0.930203 0.260721 0.930203 -0.260721 
1 1 0 0.25144 9 21.6838 0.529804 0.529804 0.529804 0.529804 0.529804 0.529804 0.575697 0 0.935667 0.278975 0.935667 -0.278975 
1 1 0 0.28267 9 20.6342 0.552348 0.552348 0.552348 0.552348 0.552348 0.552348 0.56468 0 0.940496 0.295577 0.940496 -0.295577 
1 1 0 0.315902 9 19.7838 0.573917 0.573917 0.573917 0.573917 0.573917 0.573917 0.55489 0 0.944773 0.310565 0.944773 -0.310565 
1 1 0 0.339773 9 19.2922 0.588156 0.588156 0.588156 0.588156 0.588156 0.588156 0.548814 0 0.947429 0.319958 0.947429 -0.319958 
2 1 0 0.375956 9 18.6828 0.608081 0.608081 0.608081 0.608081 0.608081 0.608081 0.540792 0 0.950953 0.332443 0.950953 -0.332443 
2 1 0 0.41363 9 18.177 0.62706 0.62706 0.62706 0.62706 0.62706 0.62706 0.533651 0 0.954121 0.343603 0.954121 -0.343603 
2 1 0 0.45262 9 17.7536 0.645132 0.645132 0.645132 0.645132 0.645132 0.645132 0.527273 0 0.956991 0.353577 0.956991 -0.353577 
2 1 0 0.492764 9 17.3962 0.662341 0.662341 0.662341 0.662341 0.662341 0.662341 0.521557 0 0.959611 0.362495 0.959611 -0.362495 
2 1 0 0.533915 9 17.0924 0.678738 0.678738 0.678738 0.678738 0.678738 0.678738 0.516412 0 0.962021 0.370479 0.962021 -0.370479 
2 1 0 0.575946 9 16.8325 0.694374 0.694374 0.694374 0.694374 0.694374 0.694374 0.511762 0 0.964253 0.377639 0.964253 -0.377639 
2 1 0 0.618744 9 16.6086 0.709299 0.709299 0.709299 0.709299 0.709299 0.709299 0.507541 0 0.966335 0.384074 0.966335 -0.384074 
2 1 0 0.662214 9 16.4146 0.723563 0.723563 0.723563 0.723563 0.723563 0.723563 0.503691 0 0.968287 0.38987 0.968287 -0.38987 
2 1 0 0.706273 9 16.2458 0.737212 0.737212 0.737212 0.737212 0.737212 0.737212 0.500167 0 0.970129 0.395105 0.970129 -0.395105 
2 1 0 0.750848 9 16.098 0.750289 0.750289 0.750289 0.750289 0.750289 0.750289 0.496926 0 0.971874 0.399843 0.971874 -0.399843 
2 1 0 0.795878 9 15.9682 0.762836 0.762836 0.762836 0.762836 0.762836 0.762836 0.493934 0 0.973536 0.404143 0.973536 -0.404143 
2 1 0 0.841311 9 15.8537 0.774889 0.774889 0.774889 0.774889 0.774889 0.774889 0.491162 0 0.975124 0.408055 0.975124 -0.408055 
2 1 0 0.8871 9 15.7524 0.786484 0.786484 0.786484 0.786484 0.786484 0.786484 0.488584 0 0.976646 0.411621 0.976646 -0.411621 
2 1 0 0.933208 9 15.6624 0.797651 0.797651 0.797651 0.797651 0.797651 0.797651 0.486179 0 0.978111 0.414881 0.978111 -0.414881 
2 1 0 0.979598 9 15.5823 0.80842 0.80842 0.80842 0.80842 0.80842 0.80842 0.483927 0 0.979524 0.417866 0.979524 -0.417866 
2 1 0 1.02624 9 15.5108 0.818817 0.818817 0.818817 0.818817 0.818817 0.818817 0.481814 0 0.98089 0.420605 0.98089 -0.420605 
2 1 0 1.07312 9 15.4469 0.828865 0.828865 0.828865 0.828865 0.828865 0.828865 0.479825 0 0.982213 0.423123 0.982213 -0.423123 
2 1 0 1.12019 9 15.3896 0.838588 0.838588 0.838588 0.838588 0.838588 0.838588 0.477947 0 0.983498 0.425442 0.983498 -0.425442 
2 1 0 1.16746 9 15.3383 0.848005 0.848005 0.848005 0.848005 0.848005 0.848005 0.47617 0 0.984747 0.427581 0.984747 -0.427581 
2 1 0 1.21489 9 15.2922 0.857135 0.857135 0.857135 0.857135 0.857135 0.857135 0.474486 0 0.985964 0.429558 0.985964 -0.429558 
2 1 0 1.26248 9 15.2507 0.865995 0.865995 0.865995 0.865995 0.865995 0.865995 0.472884 0 0.987151 0.431387 0.987151 -0.431387 
2 1 0 1.31021 9 15.2135 0.8746 0.8746 0.8746 0.8746 0.8746 0.8746 0.47136 0 0.98831 0.433081 0.98831 -0.433081 
2 1 0 1.35806 9 15.18 0.882965 0.882965 0.882965 0.882965 0.882965 0.882965 0.469905 0 0.989444 0.434652 0.989444 -0.434652 
2 1 0 1.40603 9 15.1499 0.891103 0.891103 0.891103 0.891103 0.891103 0.891103 0.468514 0 0.990553 0.436112 0.990553 -0.436112 
2 1 0 1.45411 9 15.1229 0.899027 0.899027 0.899027 0.899027 0.899027 0.899027 0.467183 0 0.991639 0.437468 0.991639 -0.437468 
2 1 0 1.50229 9 15.0986 0.906747 0.906747 0.906747 0.906747 0.906747 0.906747 0.465906 0 0.992704 0.438731 0.992704 -0.438731 
2 1 0 1.55056 9 15.0768 0.914274 0.914274 0.914274 0.914274 0.914274 0.914274 0.464679 0 0.993749 0.439906 0.993749 -0.439906 
2 1 0 1.59892 9 15.0574 0.921617 0.921617 0.921617 0.921617 0.921617 0.921617 0.4635 0 0.994775 0.441002 0.994775 -0.441002 
2 1 0 1.64735 9 15.04 0.928787 0.928787 0.928787 0.928787 0.928787 0.928787 0.462364 0 0.995783 0.442023 0.995783 -0.442023 
2 1 0 1.69586 9 15.0245 0.93579 0.93579 0.93579 0.93579 0.93579 0.93579 0.461269 0 0.996774 0.442976 0.996774 -0.442976 
2 1 0 1.74444 9 15.0108 0.942635 0.942635 0.942635 0.942635 0.942635 0.942635 0.460211 0 0.997749 0.443866 0.997749 -0.443866 
2 1 0 1.79307 9 14.9987 0.949329 0.949329 0.949329 0.949329 0.949329 0.949329 0.459189 0 0.998709 0.444697 0.998709 -0.444697 
2 1 0 1.84177 9 14.9881 0.955879 0.955879 0.955879 0.955879 0.955879 0.955879 0.458201 0 0.999654 0.445473 0.999654 -0.445473 
2 1 0 1.89052 9 14.9788 0.962292 0.962292 0.962292 0.962292 0.962292 0.962292 0.457243 0 1.00058 0.446199 1.00058 -0.446199 
2 1 0 1.93932 9 14.9708 0.968572 0.968572 0.968572 0.968572 0.968572 0.968572 0.456315 0 1.0015 0.446877 1.0015 -0.446877 
2 1 0 1.98818 9 14.964 0.974726 0.974726 0.974726 0.974726 0.974726 0.974726 0.455414 0 1.00241 0.447511 1.00241 -0.447511 
2 1 0 2.03707 9 14.9582 0.980758 0.980758 0.980758 0.980758 0.980758 0.980758 0.454539 0 1.0033 0.448104 1.0033 -0.448104 
4 -2 0 0.339776 0.339776 19.2922 0.588156 0.588156 0.588156 0.588156 0.588156 0.588156 0.454539 0 1.0033 0.448104 1.0033 -0.448104 
4 -2 0 0.339775 0.339775 19.292 0.588972 0.588972 0.588972 0.587339 0.587339 0.587339 1 0 1.00001 0 9.39517e-06 0 
3 -2 0 0.339775 0.339775 19.292 0.589005 0.589005 0.589005 0.587307 0.587307 0.587307 1 0 0.999995 0 9.39655e-06 0 
3 -2 0 0.339791 0.339791 19.2923 0.592292 0.592292 0.592292 0.584063 0.584063 0.584063 0.999989 0 0.999907 0 9.39769e-06 0 
3 -2 0 0.339886 0.339886 19.2941 0.598952 0.598952 0.598952 0.577661 0.577661 0.577661 0.999932 0 0.999355 0 9.4337e-06 0 
3 -2 0 0.340328 0.340328 19.3024 0.612601 0.612601 0.612601 0.565209 0.565209 0.565209 0.999999 0 0.995341 0 9.38375e-06 0 
3 -2 0 0.341607 0.341607 19.3267 0.633847 0.633847 0.633847 0.547437 0.547437 0.547437 0.999993 0 0.984705 0 9.38591e-06 0 
3 -2 0 0.344842 0.344842 19.3887 0.667239 0.667238 0.667239 0.52286 0.52286 0.52286 0.999968 0 0.958642 0 9.76163e-06 0 
3 -2 0 0.351642 0.351642 19.5221 0.716002 0.716003 0.716003 0.492777 0.492777 0.492777 0.999904 0 0.907501 0 1.29314e-05 0 
3 -2 0 0.36057 0.36057 19.704 0.766617 0.766618 0.766618 0.467025 0.467025 0.467025 0.999911 0 0.847389 0 1.64016e-05 0 
3 -2 0 0.371047 0.371047 19.9273 0.818403 0.818403 0.818404 0.444919 0.444919 0.444919 0.999949 0 0.785328 0 1.53729e-05 0 
3 -2 0 0.382613 0.382613 20.1866 0.871037 0.871037 0.871037 0.425729 0.425729 0.425729 0.999972 0 0.725536 0 1.34394e-05 0 
3 -2 0 0.394919 0.394919 20.4777 0.924352 0.924351 0.924352 0.408831 0.408831 0.408831 0.999986 0 0.670167 0 1.06679e-05 0 
3 -2 0 0.407706 0.407706 20.7975 0.978267 0.978269 0.978268 0.393729 0.393729 0.393729 0.999992 0 0.619985 0 8.91844e-06 0 
3 -2 0 0.420783 0.420783 21.1435 1.03275 1.03275 1.03275 0.380037 0.380037 0.380037 0.999995 0 0.574951 0 7.39063e-06 0 
3 -2 0 0.434011 0.434011 21.5138 1.08778 1.08778 1.08778 0.367459 0.367458 0.367458 0.999998 0 0.534629 0 5.74732e-06 0 
3 -2 0 0.447286 0.447286 21.9065 1.14335 1.14335 1.14335 0.355765 0.355765 0.355765 0.999999 0 0.498421 0 4.74435e-06 0 
3 -2 0 0.460537 0.460537 22.3204 1.19945 1.19945 1.19945 0.344784 0.344783 0.344783 0.999999 0 0.465688 0 3.88793e-06 0 
3 -2 0 0.473712 0.473712 22.754 1.25608 1.25608 1.25608 0.334379 0.334379 0.33438 0.999999 0 0.435819 0 3.32481e-06 0 
3 -2 0 0.486779 0.486779 23.2064 1.31322 1.31322 1.31322 0.324453 0.324452 0.324452 1 0 0.408261 0 2.67099e-06 0 
3 -2 0 0.49972 0.49972 23.6762 1.37086 1.37086 1.37086 0.314924 0.314924 0.314924 1 0 0.382539 0 2.12546e-06 0 
3 -2 0 0.512528 0.512528 24.1628 1.42899 1.42899 1.42899 0.305736 0.305736 0.305736 1 0 0.358252 0 1.61975e-06 0 
3 -2 0 0.525202 0.525202 24.6651 1.48758 1.48759 1.48759 0.296844 0.296844 0.296844 1 0 0.335081 0 1.25981e-06 0 
3 -2 0 0.537752 0.537752 25.1823 1.54663 1.54663 1.54663 0.288214 0.288214 0.288214 1 0 0.312782 0 9.65123e-07 0 
3 -2 0 0.550188 0.550188 25.7136 1.60611 1.60611 1.60611 0.279822 0.279822 0.279822 1 0 0.291181 0 7.1659e-07 0 
3 -2 0 0.562527 0.562527 26.2584 1.666 1.666 1.666 0.271649 0.271649 0.271649 1 0 0.270169 0 5.40311e-07 0 
3 -2 0 0.574786 0.574786 26.8161 1.72628 1.72628 1.72628 0.263682 0.263681 0.263682 1 0 0.249696 0 3.93094e-07 0 
3 -2 0 0.586983 0.586983 27.3859 1.78694 1.78694 1.78694 0.255909 0.255909 0.25591 1 0 0.229759 0 2.71902e-07 0 
3 -2 0 0.599137 0.599137 27.9674 1.84795 1.84795 1.84795 0.248325 0.248325 0.248326 1 0 0.210395 0 1.81079e-07 0 
3 -2 0 0.611266 0.611266 28.5601 1.90931 1.90931 1.90931 0.240924 0.240924 0.240924 1 0 0.191669 0 1.12313e-07 0 
3 -2 0 0.623384 0.623384 29.1636 1.97098 1.97098 1.97098 0.233702 0.233702 0.233701 1 0 0.173663 0 6.79768e-08 0 
3 -2 0 0.635509 0.635509 29.7775 2.03296 2.03296 2.03296 0.226654 0.226654 0.226654 1 0 0.156467 0 3.11025e-08 0 
3 -2 0 0.647651 0.647651 30.4014 2.09523 2.09523 2.09523 0.219779 0.219779 0.219779 1 0 0.14017 0 4.74181e-09 0 
3 -2 0 0.659822 0.659822 31.0351 2.15777 2.15777 2.15777 0.213073 0.213074 0.213074 1 0 0.124849 0 -3.07959e-08 0 
3 -2 0 0.67203 0.67203 31.6783 2.22058 2.22058 2.22058 0.206537 0.206536 0.206536 1 0 0.110568 0 -4.26254e-08 0 
3 -2 0 0.684281 0.684281 32.3309 2.28363 2.28363 2.28363 0.200164 0.200164 0.200164 1 0 0.0973716 0 -4.9743e-08 0 
3 -2 0 0.69658 0.69658 32.9926 2.34691 2.34691 2.34691 0.193955 0.193955 0.193954 1 0 0.0852807 0 -1.83977e-08 0 
3 -2 0 0.70893 0.70893 33.6635 2.4104 2.4104 2.4104 0.187905 0.187906 0.187905 1 0 0.0742975 0 -2.09884e-08 0 
3 -2 0 0.72133 0.72133 34.3433 2.47409 2.47409 2.47409 0.182013 0.182014 0.182013 1 0 0.0644029 0 -3.50217e-08 0 
3 -2 0 0.733779 0.733779 35.0321 2.53797 2.53797 2.53797 0.176275 0.176276 0.176276 1 0 0.0555594 0 -3.0606e-08 0 
3 -2 0 0.746276 0.746276 35.73 2.602 2.60201 2.60201 0.170689 0.170688 0.170688 1 0 0.0477156 0 -2.36424e-08 0 
3 -2 0 0.758815 0.758815 36.4369 2.66619 2.66619 2.66619 0.165249 0.165249 0.16525 1 0 0.0408086 0 -2.17697e-08 0 
3 -2 0 0.771391 0.771391 37.153 2.73051 2.73051 2.7305 0.159954 0.159954 0.159954 1 0 0.0347676 0 -2.09893e-08 0 
3 -2 0 0.784 0.784 37.8783 2.79493 2.79493 2.79493 0.154798 0.154798 0.154798 1 0 0.0295175 0 -1.86066e-08 0 
3 -2 0 0.796635 0.796635 38.6132 2.85945 2.85945 2.85944 0.149779 0.149778 0.149778 1 0 0.0249812 0 -1.61838e-08 0 
3 -2 0 0.809287 0.809287 39.3577 2.92403 2.92404 2.92404 0.14489 0.144891 0.14489 1 0 0.0210828 0 -1.42717e-08 0 
3 -2 0 0.821951 0.821951 40.1121 2.98868 2.98868 2.98867 0.14013 0.14013 0.14013 1 0 0.0177489 0 -1.2001e-08 0 
3 -2 0 0.834617 0.834617 40.8767 3.05336 3.05336 3.05335 0.135494 0.135493 0.135493 1 0 0.0149102 0 -9.8263e-09 0 
3 -2 0 0.847279 0.847279 41.6518 3.11805 3.11804 3.11804 0.130975 0.130976 0.130976 1 0 0.0125028 0 -9.13313e-09 0 
3 -2 0 0.859928 0.859928 42.4378 3.18273 3.18272 3.18273 0.126573 0.126572 0.126572 1 0 0.0104682 0 -7.17866e-09 0 
3 -2 0 0.872557 0.872557 43.2351 3.24737 3.24738 3.24738 0.12228 0.12228 0.12228 1 0 0.00875383 0 -5.37061e-09 0 
3 -2 0 0.885157 0.885157 44.044 3.31198 3.31198 3.31198 0.118094 0.118093 0.118094 1 0 0.0073131 0 -3.74722e-09 0 
3 -2 0 0.897722 0.897722 44.8651 3.37652 3.37652 3.37652 0.11401 0.11401 0.11401 1 0 0.00610497 0 -2.24152e-09 0 
3 -2 0 0.910245 0.910245 45.6989 3.44096 3.44097 3.44096 0.110024 0.110024 0.110024 1 0 0.00509371 0 -8.98497e-10 0 
3 -2 0 0.922717 0.922717 46.546 3.50531 3.50531 3.50531 0.106133 0.106133 0.106133 1 0 0.00424846 0 2.53524e-10 0 
3 -2 0 0.935134 0.935134 47.4068 3.56952 3.56952 3.56951 0.102334 0.102334 0.102334 1 0 0.00354277 0 1.12234e-09 0 
3 -2 0 0.947489 0.947489 48.2821 3.63359 3.63359 3.63359 0.0986218 0.0986217 0.0986218 1 0 0.00295406 0 1.86023e-09 0 
3 -2 0 0.959776 0.959776 49.1726 3.69748 3.69747 3.69748 0.0949941 0.0949941 0.0949941 1 0 0.00246318 0 2.47006e-09 0 
3 -2 0 0.971989 0.971989 50.0788 3.7612 3.7612 3.7612 0.0914486 0.0914486 0.0914487 1 0 0.00205399 0 2.9661e-09 0 
3 -2 0 0.984124 0.984124 51.0017 3.82471 3.8247 3.8247 0.0879819 0.0879818 0.0879818 1 0 0.00171291 0 3.35726e-09 0 
3 -2 0 0.996176 0.996176 51.9419 3.88799 3.888 3.888 0.0845921 0.0845922 0.0845924 1 0 0.00142856 0 3.98687e-09 0 
3 -2 0 1.00814 1.00814 52.9004 3.95104 3.95103 3.95103 0.0812776 0.0812772 0.0812772 1 0 0.00119142 0 4.21238e-09 0 
3 -2 0 1.02001 1.02001 53.8781 4.01383 4.01383 4.01383 0.0780356 0.0780358 0.0780356 1 0 0.000993575 0 4.35545e-09 0 
3 -2 0 1.03179 1.03179 54.8758 4.07635 4.07634 4.07633 0.074866 0.0748658 0.0748662 1 0 0.00082843 0 4.51673e-09 0 
3 -2 0 1.04346 1.04346 55.8947 4.13856 4.13857 4.13856 0.0717669 0.0717669 0.0717671 1 0 0.0006905 0 4.51142e-09 0 
3 -2 0 1.05503 1.05503 56.9358 4.20046 4.20047 4.20047 0.068738 0.0687379 0.0687382 1 0 0.000575238 0 4.4374e-09 0 
3 -2 0 1.0665 1.0665 58.0001 4.26205 4.26205 4.26204 0.0657788 0.0657784 0.0657786 1 0 0.000478858 0 3.66637e-09 0 
3 -2 0 1.07786 1.07786 59.089 4.32329 4.32329 4.32329 0.0628883 0.0628885 0.0628882 1 0 0.000398246 0 3.52583e-09 0 
3 -2 0 1.0891 1.0891 60.2036 4.38416 4.38416 4.38416 0.0600672 0.0600676 0.0600673 1 0 0.000330794 0 3.34006e-09 0 
3 -2 0 1.10023 1.10023 61.3452 4.44465 4.44466 4.44465 0.0573158 0.0573162 0.0573157 1 0 0.000274348 0 3.47678e-09 0 
3 -2 0 1.11125 1.11125 62.5153 4.50475 4.50476 4.50475 0.0546341 0.054634 0.0546347 1 0 0.000227106 0 3.17376e-09 0 
3 -2 0 1.12214 1.12214 63.7153 4.56444 4.56445 4.56444 0.052023 0.052022 0.0520222 1 0 0.00018758 0 2.82701e-09 0 
3 -2 0 1.13291 1.13291 64.9468 4.6237 4.6237 4.62371 0.0494812 0.0494814 0.0494815 1 0 0.000154532 0 2.37988e-09 0 
3 -2 0 1.14356 1.14356 66.2114 4.68252 4.68251 4.68252 0.0470113 0.0470113 0.0470113 1 0 0.000126923 0 1.98465e-09 0 
3 -2 0 1.15408 1.15408 67.5109 4.74087 4.74087 4.74086 0.0446141 0.044614 0.0446141 1 0 0.000103888 0 1.555e-09 0 
3 -2 0 1.16448 1.16448 68.8472 4.79874 4.79874 4.79874 0.0422893 0.0422891 0.0422894 1 0 8.47004e-05 0 1.04541e-09 0 
3 -2 0 1.17474 1.17474 70.2221 4.85611 4.85611 4.85612 0.0400381 0.0400382 0.040038 1 0 6.87554e-05 0 5.44052e-10 0 
3 -2 0 1.18487 1.18487 71.6378 4.91298 4.91298 4.91297 0.037861 0.0378611 0.037861 1 0 5.55382e-05 0 3.85888e-12 0 
3 -2 0 1.19486 1.19486 73.0965 4.96932 4.96931 4.96931 0.035759 0.0357592 0.035759 1 0 4.46159e-05 0 -6.05274e-10 0 
3 -2 0 1.20472 1.20472 74.6005 5.02511 5.02511 5.02511 0.0337326 0.0337327 0.0337325 1 0 3.5624e-05 0 -1.26456e-09 0 
3 -2 0 1.21445 1.21445 76.1523 5.08032 5.08032 5.08032 0.0317823 0.0317821 0.0317822 1 0 2.82495e-05 0 -2.19688e-09 0 
3 -2 0 1.22403 1.22403 77.7546 5.13496 5.13497 5.13496 0.0299081 0.0299081 0.0299083 1 0 2.22541e-05 0 -1.92804e-09 0 
3 -2 0 1.23347 1.23347 79.4101 5.18902 5.18901 5.18902 0.0281109 0.0281109 0.028111 1 0 1.73808e-05 0 -2.49138e-09 0 
3 -2 0 1.24276 1.24276 81.1219 5.24243 5.24245 5.24244 0.0263905 0.0263905 0.0263904 1 0 1.34528e-05 0 -3.08978e-09 0 
3 -2 0 1.25191 1.25191 82.8932 5.29523 5.29525 5.29524 0.024747 0.0247468 0.0247468 0.999999 0 1.03001e-05 0 -4.27917e-09 0 
3 -2 0 1.26091 1.26091 84.7274 5.34739 5.34739 5.34739 0.0231799 0.0231801 0.0231799 0.999999 0 7.80002e-06 0 -5.07506e-09 0 
3 -2 0 1.26976 1.26976 86.6281 5.39886 5.39886 5.39886 0.0216895 0.0216893 0.0216894 0.999999 0 5.82928e-06 0 -5.93314e-09 0 
3 -2 0 1.27846 1.27846 88.5992 5.44966 5.44966 5.44965 0.0202746 0.0202748 0.0202747 0.999999 0 4.28972e-06 0 -6.82643e-09 0 
3 -2 0 1.28701 1.28701 90.6449 5.49974 5.49975 5.49975 0.0189348 0.0189348 0.0189349 0.999999 0 3.09657e-06 0 -7.87814e-09 0 
3 -2 0 1.2954 1.2954 92.7696 5.5491 5.54911 5.54911 0.0176692 0.0176691 0.0176691 0.999998 0 2.18023e-06 0 -9.13172e-09 0 
3 -2 0 1.30363 1.30363 94.9782 5.59773 5.59774 5.59774 0.0164767 0.0164767 0.0164768 0.999998 0 1.44248e-06 0 -1.34663e-08 0 
3 -2 0 1.3117 1.3117 97.2756 5.6456 5.64561 5.64561 0.0153557 0.0153558 0.0153558 0.999998 0 9.09246e-07 0 -1.67106e-08 0 
3 -2 0 1.31962 1.31962 99.6673 5.69271 5.69271 5.6927 0.0143047 0.0143047 0.0143046 0.999998 0 5.08129e-07 0 -2.28716e-08 0 
3 -2 0 1.32737 1.32737 102.159 5.73902 5.73903 5.73902 0.0133219 0.0133219 0.013322 0.999997 0 2.2742e-07 0 -3.64996e-08 0 
3 -2 0 1.33495 1.33495 104.758 5.78452 5.78453 5.78453 0.0124056 0.0124057 0.0124056 0.999997 0 -1.0358e-07 0 5.8283e-08 0 
3 -2 0 1.34237 1.34237 107.47 5.8292 5.82921 5.82921 0.0115534 0.0115536 0.0115534 0.999996 0 -2.48766e-07 0 1.72256e-08 0 
3 -2 0 1.34963 1.34963 110.302 5.87305 5.87305 5.87305 0.0107631 0.0107632 0.0107631 0.999996 0 -4.97009e-07 0 7.16661e-09 0 
3 -2 0 1.35671 1.35671 113.263 5.91604 5.91604 5.91604 0.0100321 0.0100321 0.0100321 0.999995 0 -6.40245e-07 0 3.74164e-09 0 
3 -2 0 1.36362 1.36362 116.361 5.95816 5.95815 5.95816 0.00935792 0.00935786 0.00935793 0.999995 0 -7.76225e-07 0 2.01487e-09 0 
3 -2 0 1.37037 1.37037 119.605 5.99939 5.99939 5.99938 0.00873748 0.00873749 0.00873749 0.999994 0 -1.06676e-06 0 1.0816e-09 0 
3 -2 0 1.37694 1.37694 123.005 6.03973 6.03973 6.03971 0.00816836 0.00816829 0.0081683 0.999993 0 -1.22769e-06 0 5.73589e-10 0 
3 -2 0 1.38333 1.38333 126.571 6.07916 6.07916 6.07914 0.00764723 0.00764728 0.00764728 0.999992 0 -1.40124e-06 0 2.9557e-10 0 
3 -2 0 1.38956 1.38956 130.316 6.11767 6.11765 6.11767 0.00717141 0.00717143 0.00717152 0.99999 0 -9.81828e-07 0 1.47924e-10 0 
3 -2 0 1.39561 1.39561 134.251 6.15525 6.15524 6.15525 0.00673795 0.00673791 0.00673787 0.999988 0 -1.12101e-06 0 7.04689e-11 0 
3 -2 0 1.40148 1.40148 138.39 6.19188 6.19188 6.19187 0.00634366 0.00634368 0.00634381 0.999987 0 -1.27526e-06 0 3.20919e-11 0 
3 -2 0 1.40718 1.40718 142.748 6.22756 6.22756 6.22755 0.00598588 0.00598599 0.00598594 0.999985 0 -1.31757e-06 0 1.3888e-11 0 
3 -2 0 1.4127 1.4127 147.341 6.26227 6.26228 6.26228 0.00566174 0.00566175 0.00566171 0.999983 0 -1.51484e-06 0 5.67804e-12 0 
3 -2 0 1.41805 1.41805 152.187 6.29604 6.29603 6.29603 0.00536847 0.00536842 0.00536841 0.999981 0 -1.71403e-06 0 2.17649e-12 0 
3 -2 0 1.42323 1.42323 157.304 6.32882 6.32882 6.32881 0.00510341 0.00510339 0.00510338 0.999978 0 -1.90147e-06 0 7.75205e-13 0 
3 -2 0 1.42823 1.42823 162.713 6.36063 6.36063 6.36063 0.00486413 0.00486411 0.00486411 0.999976 0 -2.15001e-06 0 2.52861e-13 0 
3 -2 0 1.43306 1.43306 168.437 6.39146 6.39146 6.39146 0.00464827 0.00464825 0.00464825 0.999973 0 -2.49927e-06 0 7.40331e-14 0 
3 -2 0 1.43772 1.43772 174.502 6.4213 6.42132 6.4213 0.00445371 0.00445362 0.00445362 0.999968 0 -2.34865e-06 0 2.46476e-14 0 
3 -2 0 1.44221 1.44221 180.934 6.45018 6.45019 6.45018 0.00427823 0.0042782 0.00427819 0.999964 0 -2.65346e-06 0 6.146e-15 0 
3 -2 0 1.44653 1.44653 187.764 6.47808 6.47807 6.47808 0.0041201 0.00412009 0.00412008 0.99996 0 -3.13535e-06 0 1.28938e-15 0 
3 -2 0 1.45069 1.45069 195.025 6.50499 6.505 6.50499 0.00397761 0.00397753 0.00397755 0.999953 0 -2.77725e-06 0 -9.14869e-17 0 
3 -2 0 1.45468 1.45468 202.754 6.53094 6.53094 6.53093 0.00384909 0.003849 0.00384901 0.999947 0 -3.13851e-06 0 -7.04301e-17 0 
3 -2 0 1.4585 1.4585 210.992 6.55592 6.5559 6.5559 0.00373312 0.00373305 0.00373305 0.999941 0 -3.77352e-06 0 -2.74594e-17 0 
3 -2 0 1.46217 1.46217 219.784 6.57993 6.57993 6.57993 0.00362845 0.00362846 0.00362838 0.999933 0 -4.19519e-06 0 -1.40034e-17 0 
3 -2 0 1.46568 1.46568 229.18 6.603 6.60299 6.60299 0.00353384 0.00353387 0.00353387 0.999922 0 -3.95923e-06 0 -1.83536e-18 0 
3 -2 0 1.46903 1.46903 239.237 6.62511 6.62512 6.62512 0.00344836 0.00344836 0.00344844 0.999912 0 -4.47616e-06 0 3.44444e-19 0 
3 -2 0 1.47223 1.47223 250.017 6.6463 6.6463 6.64631 0.00337103 0.00337105 0.00337102 0.9999 0 -5.03554e-06 0 2.54409e-19 0 
3 -2 0 1.47528 1.47528 261.59 6.66657 6.66657 6.66658 0.00330104 0.00330101 0.00330104 0.999886 0 -5.72713e-06 0 1.49574e-19 0 
3 -2 0 1.47819 1.47819 274.037 6.68592 6.68593 6.68593 0.00323751 0.00323754 0.00323751 0.999861 0 -2.24938e-06 0 1.60231e-19 0 
3 -2 0 1.48095 1.48095 287.444 6.7044 6.7044 6.7044 0.00317994 0.00317993 0.00317992 0.999844 0 -3.83476e-06 0 -1.43985e-19 0 
3 -2 0 1.48357 1.48357 301.914 6.72198 6.72198 6.72198 0.00312773 0.00312771 0.00312767 0.999817 0 -2.45428e-06 0 2.14931e-20 0 
3 -2 0 1.48606 1.48606 317.561 6.7387 6.73871 6.7387 0.00308019 0.00308021 0.00308025 0.999788 0 -2.11565e-06 0 -5.64168e-20 0 
3 -2 0 1.48841 1.48841 334.513 6.75458 6.75458 6.75458 0.00303706 0.00303706 0.00303695 0.999757 0 -3.10208e-06 0 -1.79217e-19 0 
3 -2 0 1.49063 1.49063 352.919 6.76962 6.76962 6.76961 0.00299777 0.00299776 0.00299766 0.999716 0 -1.96551e-06 0 -1.77904e-20 0 
3 -2 0 1.49273 1.49273 372.948 6.78384 6.78384 6.78385 0.002962 0.00296202 0.00296191 0.999671 0 -2.19961e-06 0 -4.50849e-20 0 
3 -2 0 1.4947 1.4947 394.796 6.79728 6.79727 6.79728 0.00292943 0.00292936 0.00292938 0.999619 0 -3.15369e-06 0 5.116e-20 0 
3 -2 0 1.49655 1.49655 418.688 6.80993 6.80993 6.80994 0.00289986 0.00289975 0.00289973 0.999556 0 -3.85582e-06 0 -8.73347e-21 0 
3 -2 0 1.49829 1.49829 444.884 6.82182 6.82183 6.82183 0.00287282 0.00287282 0.00287276 0.999481 0 -4.31367e-06 0 1.21811e-21 0 
3 -2 0 1.49991 1.49991 473.688 6.83298 6.83298 6.83299 0.00284821 0.00284834 0.00284822 0.99939 0 -4.96318e-06 0 5.43862e-20 0 
3 -2 0 1.50143 1.50143 505.457 6.84342 6.84342 6.84342 0.00282594 0.00282592 0.00282598 0.999292 0 -1.01939e-05 0 1.34928e-21 0 
3 -2 0 1.50284 1.50284 540.606 6.85316 6.85316 6.85315 0.00280574 0.0028056 0.00280569 0.999153 0 -6.49906e-06 0 -3.1752e-18 0 
3 -2 0 1.50415 1.50415 579.632 6.86221 6.86221 6.8622 0.00278723 0.00278719 0.00278718 0.998989 0 -3.41697e-06 0 -1.26017e-20 0 
3 -2 0 1.50536 1.50536 623.122 6.8706 6.8706 6.8706 0.00277064 0.00277048 0.00277055 0.9988 0 -3.72646e-06 0 -2.30556e-19 0 
3 -2 0 1.50648 1.50648 671.777 6.87835 6.87836 6.87835 0.0027555 0.00275538 0.00275547 0.998567 0 -2.86676e-06 0 -1.83116e-18 0 
3 -2 0 1.5075 1.5075 726.446 6.88548 6.88549 6.88549 0.00274179 0.00274181 0.00274183 0.998282 0 -2.03091e-06 0 1.13308e-18 0 
3 -2 0 1.50844 1.50844 788.153 6.89201 6.89201 6.89202 0.00272954 0.00272953 0.0027296 0.997936 0 -2.06309e-06 0 1.01719e-18 0 
3 -2 0 1.50929 1.50929 858.156 6.89797 6.89796 6.89796 0.00271861 0.00271849 0.00271852 0.997509 0 -2.10956e-06 0 4.19146e-22 0 
3 -2 0 1.51006 1.51006 937.999 6.90336 6.90336 6.90336 0.00270867 0.00270882 0.00270868 0.996984 0 -2.64612e-06 0 1.58762e-22 0 
3 -2 0 1.51075 1.51075 1029.61 6.90822 6.90822 6.90822 0.00269996 0.00269993 0.00269996 0.996328 0 -2.81461e-06 0 8.64032e-23 0 
3 -2 0 1.51137 1.51137 1135.4 6.91257 6.91256 6.91257 0.0026922 0.00269223 0.0026922 0.995505 0 -2.98689e-06 0 -4.60321e-23 0 
3 -2 0 1.51192 1.51192 1258.44 6.91642 6.91643 6.91643 0.00268544 0.00268554 0.00268542 0.994467 0 -4.49905e-06 0 -1.56245e-22 0 
3 -2 0 1.5124 1.5124 1402.68 6.91983 6.91983 6.91983 0.0026795 0.00267955 0.00267949 0.99313 0 -4.54369e-06 0 1.76608e-23 0 
3 -2 0 1.51282 1.51282 1573.27 6.9228 6.92279 6.92279 0.00267439 0.00267437 0.0026744 0.991384 0 -1.91162e-06 0 1.16469e-25 0 
3 -2 0 1.51319 1.51319 1777.03 6.92535 6.92535 6.92535 0.00267008 0.00267004 0.00267011 0.989102 0 -4.06055e-06 0 -4.16063e-26 0 
3 -2 0 1.5135 1.5135 2023.12 6.92753 6.92754 6.92753 0.00266625 0.00266625 0.00266625 0.986035 0 -4.27864e-06 0 -2.34393e-26 0 
3 -2 0 1.51376 1.51376 2324.14 6.92937 6.92937 6.92937 0.00266319 0.00266316 0.00266315 0.981842 0 -5.44138e-06 0 7.2813e-27 0 
3 -2 0 1.51397 1.51397 2697.77 6.93089 6.93089 6.93089 0.0026606 0.00266057 0.00266057 0.99999 0 -2.61314e-09 0 5.74215e-25 0 
3 -2 0 1.51415 1.51415 3169.45 6.93212 6.93212 6.93212 0.00265851 0.00265853 0.00265856 0.999981 0 -3.90261e-09 0 -2.37107e-25 0 
3 -2 0 1.51428 1.51428 3776.96 6.9331 6.93311 6.9331 0.00265684 0.00265689 0.00265686 0.999963 0 -8.21643e-09 0 8.7511e-27 0 
3 -2 0 1.51439 1.51439 4578.36 6.93387 6.93386 6.93387 0.00265556 0.00265559 0.00265563 0.999922 0 -9.907e-09 0 -1.20817e-25 0 
3 -2 0 1.51447 1.51447 5666.85 6.93444 6.93443 6.93445 0.00265462 0.00265459 0.00265466 0.999823 0 -1.70649e-08 0 3.43388e-27 0 
3 -2 0 1.51453 1.51453 7200.15 6.93486 6.93487 6.93487 0.00265389 0.0026539 0.00265392 0.999556 0 -3.161e-08 0 1.96238e-26 0 
3 -2 0 1.51457 1.51457 9463.88 6.93516 6.93515 6.93516 0.00265348 0.00265345 0.00265343 0.998749 0 -4.54981e-08 0 1.87807e-25 0 
3 -2 0 1.5146 1.5146 13023.4 6.93535 6.93535 6.93534 0.00265308 0.00265309 0.00265311 0.99597 0 -1.00734e-07 0 -7.32127e-27 0 
3 -2 0 1.51462 1.51462 19146.9 6.93545 6.93545 6.93545 0.00265289 0.00265291 0.00265289 0.985368 0 -3.26915e-07 0 -2.62281e-25 0 
3 -2 0 1.51463 1.51463 31274.9 6.93553 6.93553 6.93552 0.00265279 0.00265285 0.0026528 0.960669 0 -2.5375e-07 0 -1.64971e-26 0 
4 -2 0 1.51463 1.51463 62539.3 6.93554 6.93553 6.93555 0.00265275 0.00265277 0.00265276 5.33368 0 3.06787e-05 0 -4.04975e-23 0 
4 -2 0 1.51463 1.51463 99188.4 6.93557 6.93556 6.93552 0.00265273 0.00265276 0.00265275 1.14765 0 3.07242e-07 0 -4.73265e-26 0 
4 -2 0 1.51463 1.51463 178337 6.93555 6.93556 6.93556 0.00265273 0.00265272 0.00265278 1.51182 0 3.93146e-07 0 -2.28169e-25 0 
3 -2 0 1.51463 1.51463 257441 6.93557 6.93557 6.93557 0.00265272 0.00265273 0.00265272 1.00487 0 2.29507e-09 0 -6.83591e-28 0 
3 -2 0 1.51463 1.51463 399207 6.93554 6.93553 6.93557 0.00265275 0.00265276 0.00265273 0.999173 0 -2.49273e-10 0 1.58124e-27 0 
3 -2 0 1.51463 1.51463 516352 6.93557 6.93556 6.93555 0.00265273 0.00265278 0.00265278 0.998997 0 -2.08622e-10 0 -6.4626e-28 0 
3 -2 0 1.51463 1.51463 713077 6.93557 6.93556 6.93555 0.00265274 0.00265273 0.00265275 0.99856 0 -2.1627e-10 0 1.17782e-27 0 
3 -2 0 1.51463 1.51463 1.0554e+06 6.93554 6.93557 6.93553 0.00265271 0.00265271 0.00265276 0.996643 0 -3.37991e-10 0 -1.028e-28 0 
3 -2 0 1.51463 1.51463 1.17632e+06 6.93557 6.93557 6.93556 0.00265283 0.00265282 0.00265296 1.00521 0 3.30123e-10 0 -7.39488e-28 0 
3 -2 0 1.51463 1.51463 1.19415e+06 6.93557 6.93557 6.93555 0.00265272 0.00265282 0.00265273 1.00002 0 1.14977e-12 0 6.39851e-29 0 
3 -2 0 1.51463 1.51463 1.21237e+06 6.93555 6.93557 6.93556 0.00265287 0.00265272 0.00265277 1.00001 0 6.95345e-13 0 -2.67032e-29 0 
3 -2 0 1.51463 1.51463 1.23287e+06 6.93557 6.93556 6.93557 0.00265282 0.00265279 0.00265287 1.00015 0 1.04891e-11 0 -3.24179e-28 0 
3 -2 0 1.51463 1.51463 1.24862e+06 6.93557 6.93557 6.93555 0.00265272 0.00265301 0.00265272 1.00008 0 5.3877e-12 0 9.59336e-28 0 
3 -2 0 1.51463 1.51463 1.26064e+06 6.93556 6.93556 6.93557 0.00265276 0.0026528 0.00265274 1.00004 0 2.47392e-12 0 2.17419e-28 0 
3 -2 0 1.51463 1.51463 1.27407e+06 6.93557 6.93555 6.93557 0.00265289 0.00265278 0.00265289 1.00007 0 4.13772e-12 0 -8.15338e-28 0 
3 -2 0 1.51463 1.51463 1.28782e+06 6.93557 6.93557 6.93556 0.00265296 0.00265273 0.00265307 1.00004 0 2.32016e-12 0 -8.959e-28 0 
3 -2 0 1.51463 1.51463 1.28782e+06 6.93557 6.93557 6.93556 0.00265296 0.00265273 0.00265307 1.00004 0 2.32016e-12 0 -8.959e-28 0 
2 1 0 2 9 0 9.90577 0.101883 0.00119287 9.90577 0.101883 0.00119287 1.00004 0 2.32016e-12 0 -8.959e-28 0 
1 1 0 1.99963 9 0 9.9038 0.101924 0.00119334 9.9038 0.101924 0.00119334 0.772609 0 0.867606 0 0.818731 0 
1 1 0 1.99925 9 0 9.90184 0.101965 0.00119381 9.90184 0.101965 0.00119381 0.772582 0 0.867636 0 0.818731 0 
1 1 0 1.9985 9 0 9.89791 0.102047 0.00119474 9.89791 0.102047 0.00119474 0.772529 0 0.867696 0 0.818731 0 
1 1 0 1.99701 9 0 9.89005 0.102212 0.00119661 9.89005 0.102212 0.00119661 0.772422 0 0.867816 0 0.818731 0 
1 1 0 1.99402 9 0 9.87434 0.102542 0.00120037 9.87434 0.102542 0.00120037 0.772207 0 0.868057 0 0.818731 0 
1 1 0 1.98805 9 0 9.84291 0.103206 0.00120794 9.84291 0.103206 0.00120794 0.771774 0 0.868545 0 0.818731 0 
1 1 0 1.97873 9 0 9.79379 0.104259 0.00121993 9.79379 0.104259 0.00121993 0.771085 0 0.86932 0 0.818731 0 
1 1 0 1.96942 9 0 9.74468 0.105328 0.00123212 9.74468 0.105328 0.00123212 0.770384 0 0.870112 0 0.818731 0 
1 1 0 1.96013 9 0 9.69556 0.106415 0.00124451 9.69556 0.106415 0.00124451 0.769668 0 0.870921 0 0.818731 0 
1 1 0 1.95086 9 0 9.64644 0.107519 0.0012571 9.64644 0.107519 0.0012571 0.768938 0 0.871748 0 0.818731 0 
1 1 0 1.94161 9 0 9.59732 0.108642 0.00126991 9.59732 0.108642 0.00126991 0.768194 0 0.872593 0 0.818731 0 
1 1 0 1.93237 9 0 9.54819 0.109783 0.00128294 9.54819 0.109783 0.00128294 0.767434 0 0.873456 0 0.818731 0 
1 1 0 1.92315 9 0 9.49906 0.110943 0.00129619 9.49906 0.110943 0.00129619 0.766659 0 0.874339 0 0.818731 0 
1 1 0 1.91395 9 0 9.44993 0.112123 0.00130966 9.44993 0.112123 0.00130966 0.765868 0 0.875242 0 0.818731 0 
1 1 0 1.90477 9 0 9.40079 0.113322 0.00132337 9.40079 0.113322 0.00132337 0.765061 0 0.876165 0 0.818731 0 
1 1 0 1.89562 9 0 9.35165 0.114543 0.00133733 9.35165 0.114543 0.00133733 0.764238 0 0.877109 0 0.818731 0 
1 1 0 1.88648 9 0 9.30251 0.115784 0.00135152 9.30251 0.115784 0.00135152 0.763397 0 0.878075 0 0.818731 0 
1 1 0 1.87737 9 0 9.25336 0.117047 0.00136598 9.25336 0.117047 0.00136598 0.762539 0 0.879064 0 0.818731 0 
1 1 0 1.86828 9 0 9.20421 0.118332 0.00138069 9.20421 0.118332 0.00138069 0.761662 0 0.880075 0 0.818731 0 
1 1 0 1.85922 9 0 9.15506 0.11964 0.00139567 9.15506 0.11964 0.00139567 0.760767 0 0.881111 0 0.818731 0 
1 1 0 1.85019 9 0 9.1059 0.120971 0.00141092 9.1059 0.120971 0.00141092 0.759853 0 0.882171 0 0.818731 0 
1 1 0 1.84118 9 0 9.05674 0.122327 0.00142646 9.05674 0.122327 0.00142646 0.758919 0 0.883256 0 0.818731 0 
1 1 0 1.8322 9 0 9.00757 0.123707 0.00144229 9.00757 0.123707 0.00144229 0.757965 0 0.884368 0 0.818731 0 
1 1 0 1.82325 9 0 8.9584 0.125112 0.00145841 8.9584 0.125112 0.00145841 0.756991 0 0.885506 0 0.818731 0 
1 1 0 1.81433 9 0 8.90922 0.126544 0.00147485 8.90922 0.126544 0.00147485 0.755995 0 0.886673 0 0.818731 0 
1 1 0 1.80544 9 0 8.86004 0.128002 0.0014916 8.86004 0.128002 0.0014916 0.754977 0 0.887869 0 0.818731 0 
1 1 0 1.79659 9 0 8.81085 0.129488 0.00150868 8.81085 0.129488 0.00150868 0.753936 0 0.889094 0 0.818731 0 
1 1 0 1.78778 9 0 8.76166 0.131003 0.00152609 8.76166 0.131003 0.00152609 0.752872 0 0.890351 0 0.818731 0 
1 1 0 1.779 9 0 8.71246 0.132547 0.00154385 8.71246 0.132547 0.00154385 0.751784 0 0.891639 0 0.818731 0 
1 1 0 1.77026 9 0 8.66325 0.134121 0.00156197 8.66325 0.134121 0.00156197 0.750671 0 0.892961 0 0.818731 0 
1 1 0 1.76157 9 0 8.61404 0.135727 0.00158046 8.61404 0.135727 0.00158046 0.749533 0 0.894317 0 0.818731 0 
1 1 0 1.75291 9 0 8.56482 0.137365 0.00159933 8.56482 0.137365 0.00159933 0.748368 0 0.895709 0 0.818731 0 
1 1 0 1.74431 9 0 8.5156 0.139036 0.00161859 8.5156 0.139036 0.00161859 0.747176 0 0.897138 0 0.818731 0 
1 1 0 1.73575 9 0 8.46636 0.140741 0.00163826 8.46636 0.140741 0.00163826 0.745956 0 0.898605 0 0.818731 0 
1 1 0 1.72724 9 0 8.41712 0.142482 0.00165836 8.41712 0.142482 0.00165836 0.744707 0 0.900112 0 0.818731 0 
1 1 0 1.71878 9 0 8.36788 0.14426 0.00167889 8.36788 0.14426 0.00167889 0.743428 0 0.901661 0 0.818731 0 
1 1 0 1.71039 9 0 8.31862 0.146076 0.00169987 8.31862 0.146076 0.00169987 0.742118 0 0.903252 0 0.818731 0 
1 1 0 1.70205 9 0 8.26935 0.147931 0.00172132 8.26935 0.147931 0.00172132 0.740776 0 0.904889 0 0.818731 0 
1 1 0 1.69377 9 0 8.22008 0.149828 0.00174325 8.22008 0.149828 0.00174325 0.739401 0 0.906571 0 0.818731 0 
1 1 0 1.68556 9 0 8.1708 0.151766 0.00176569 8.1708 0.151766 0.00176569 0.737992 0 0.908303 0 0.818731 0 
1 1 0 1.67742 9 0 8.1215 0.153749 0.00178865 8.1215 0.153749 0.00178865 0.736547 0 0.910084 0 0.818731 0 
1 1 0 1.66936 9 0 8.0722 0.155777 0.00181216 8.0722 0.155777 0.00181216 0.735065 0 0.911919 0 0.818731 0 
1 1 0 1.66137 9 0 8.02289 0.157853 0.00183623 8.02289 0.157853 0.00183623 0.733546 0 0.913808 0 0.818731 0 
1 1 0 1.65346 9 0 7.97356 0.159978 0.00186089 7.97356 0.159978 0.00186089 0.731986 0 0.915755 0 0.818731 0 
1 1 0 1.64565 9 0 7.92422 0.162155 0.00188617 7.92422 0.162155 0.00188617 0.730385 0 0.917762 0 0.818731 0 
1 1 0 1.63793 9 0 7.87487 0.164386 0.00191209 7.87487 0.164386 0.00191209 0.728742 0 0.919832 0 0.818731 0 
1 1 0 1.63031 9 0 7.82551 0.166672 0.00193868 7.82551 0.166672 0.00193868 0.727054 0 0.921968 0 0.818731 0 
1 1 0 1.6228 9 0 7.77613 0.169018 0.00196597 7.77613 0.169018 0.00196597 0.725319 0 0.924172 0 0.818731 0 
1 1 0 1.6154 9 0 7.72674 0.171425 0.001994 7.72674 0.171425 0.001994 0.723536 0 0.926449 0 0.818731 0 
1 1 0 1.60813 9 0 7.67734 0.173896 0.00202279 7.67734 0.173896 0.00202279 0.721703 0 0.928803 0 0.818731 0 
1 1 0 1.60098 9 0 7.62791 0.176436 0.0020524 7.62791 0.176436 0.0020524 0.719817 0 0.931236 0 0.818731 0 
1 1 0 1.59398 9 0 7.57847 0.179046 0.00208285 7.57847 0.179046 0.00208285 0.717876 0 0.933754 0 0.818731 0 
1 1 0 1.58713 9 0 7.52902 0.181731 0.0021142 7.52902 0.181731 0.0021142 0.715878 0 0.936361 0 0.818731 0 
1 1 0 1.58045 9 0 7.47954 0.184495 0.0021465 7.47954 0.184495 0.0021465 0.713818 0 0.939063 0 0.818731 0 
1 1 0 1.57394 9 0 7.43005 0.187343 0.00217979 7.43005 0.187343 0.00217979 0.711695 0 0.941863 0 0.818731 0 
1 1 0 1.56762 9 0 7.38054 0.190279 0.00221414 7.38054 0.190279 0.00221414 0.709506 0 0.94477 0 0.818731 0 
1 1 0 1.56151 9 0 7.331 0.193309 0.00224961 7.331 0.193309 0.00224961 0.707246 0 0.947789 0 0.818731 0 
1 1 0 1.55563 9 0 7.28145 0.196439 0.00228628 7.28145 0.196439 0.00228628 0.704912 0 0.950928 0 0.818731 0 
1 1 0 1.55 9 0 7.23187 0.199675 0.00232422 7.23187 0.199675 0.00232422 0.702499 0 0.954194 0 0.818731 0 
1 1 0 1.54463 9 0 7.18227 0.203025 0.00236352 7.18227 0.203025 0.00236352 0.700002 0 0.957597 0 0.818731 0 
1 1 0 1.53957 9 0 7.13265 0.206497 0.00240428 7.13265 0.206497 0.00240428 0.697417 0 0.961146 0 0.818731 0 
1 1 0 1.53483 9 0 7.08301 0.210101 0.00244661 7.08301 0.210101 0.00244661 0.694738 0 0.964853 0 0.818731 0 
1 1 0 1.53046 9 0 7.03334 0.213847 0.00249063 7.03334 0.213847 0.00249063 0.691958 0 0.96873 0 0.818731 0 
1 1 0 1.5265 9 0 6.98365 0.217747 0.00253649 6.98365 0.217747 0.00253649 0.689069 0 0.972791 0 0.818731 0 
1 1 0 1.52299 9 0 6.93394 0.221814 0.00258435 6.93394 0.221814 0.00258435 0.686064 0 0.977051 0 0.818731 0 
1 1 0 1.51999 9 0 6.88421 0.226065 0.00263438 6.88421 0.226065 0.00263438 0.682933 0 0.981531 0 0.818731 0 
1 1 0 1.51758 9 0 6.83447 0.230518 0.00268682 6.83447 0.230518 0.00268682 0.679665 0 0.98625 0 0.818731 0 
1 1 0 1.51582 9 0 6.78472 0.235194 0.0027419 6.78472 0.235194 0.0027419 0.676248 0 0.991233 0 0.818731 0 
1 1 0 1.51482 9 0 6.73497 0.240118 0.00279993 6.73497 0.240118 0.00279993 0.672668 0 0.99651 0 0.818731 0 
1 1 0 1.51463 9 0 6.70364 0.243362 0.00283816 6.70364 0.243362 0.00283816 0.67032 0 1 0 0.818731 0 
2 1 0 1.51514 9 0 6.65393 0.248759 0.00290177 6.65393 0.248759 0.00290177 0.666435 0 1.00583 0 0.818731 0 
2 1 0 1.5168 9 0 6.60429 0.254498 0.00296941 6.60429 0.254498 0.00296941 0.662334 0 1.01206 0 0.818731 0 
2 1 0 1.51982 9 0 6.55476 0.260628 0.00304164 6.55476 0.260628 0.00304164 0.65799 0 1.01874 0 0.818731 0 
2 1 0 1.52449 9 0 6.50541 0.267211 0.00311919 6.50541 0.267211 0.00311919 0.653372 0 1.02594 0 0.818731 0 
2 1 0 1.53117 9 0 6.45638 0.274324 0.0032029 6.45638 0.274324 0.0032029 0.648441 0 1.03374 0 0.818731 0 
2 1 0 1.54038 9 0 6.40784 0.282058 0.00329386 6.40784 0.282058 0.00329386 0.64315 0 1.04224 0 0.818731 0 
2 1 0 1.55275 9 0 6.36014 0.290526 0.00339331 6.36014 0.290526 0.00339331 0.63745 0 1.05157 0 0.818731 0 
2 1 0 1.56915 9 0 6.31384 0.299851 0.00350264 6.31384 0.299851 0.00350264 0.631288 0 1.06183 0 0.818731 0 
2 1 0 1.59065 9 0 6.26988 0.310144 0.003623 6.26988 0.310144 0.003623 0.624638 0 1.07313 0 0.818731 0 
2 1 0 1.61833 9 0 6.2298 0.321426 0.00375452 6.2298 0.321426 0.00375452 0.617537 0 1.08547 0 0.818731 0 
2 1 0 1.65282 9 0 6.19568 0.333508 0.00389481 6.19568 0.333508 0.00389481 0.610159 0 1.0986 0 0.818731 0 
2 1 0 1.69355 9 0 6.16947 0.345919 0.00403825 6.16947 0.345919 0.00403825 0.602833 0 1.11195 0 0.818731 0 
2 1 0 1.73877 9 0 6.15194 0.358074 0.00417797 6.15194 0.358074 0.00417797 0.595912 0 1.12486 0 0.818731 0 
2 1 0 1.78647 9 0 6.1423 0.369558 0.00430927 6.1423 0.369558 0.00430927 0.589605 0 1.1369 0 0.818731 0 
2 1 0 1.83521 9 0 6.13902 0.380224 0.00443054 6.13902 0.380224 0.00443054 0.583953 0 1.1479 0 0.818731 0 
2 1 0 1.8842 9 0 6.14057 0.390089 0.00454211 6.14057 0.390089 0.00454211 0.5789 0 1.15792 0 0.818731 0 
2 1 0 1.93308 9 0 6.14576 0.399237 0.00464504 6.14576 0.399237 0.00464504 0.574364 0 1.16706 0 0.818731 0 
2 1 0 1.98171 9 0 6.15369 0.407763 0.0047405 6.15369 0.407763 0.0047405 0.570265 0 1.17545 0 0.818731 0 
2 1 0 2.03004 9 0 6.16371 0.415755 0.00482957 6.16371 0.415755 0.00482957 0.566535 0 1.18319 0 0.818731 0 
2 1 0 2 9 0 0.101883 0.00119287 9.90577 0.101883 0.00119287 9.90577 0.566535 0 1.18319 0 0.818731 0 
1 1 0 1.99963 9 0 0.101924 0.00119334 9.9038 0.101924 0.00119334 9.9038 0.772609 0 0.867606 0 0.818731 0 
1 1 0 1.99925 9 0 0.101965 0.00119381 9.90184 0.101965 0.00119381 9.90184 0.772582 0 0.867636 0 0.818731 0 
1 1 0 1.9985 9 0 0.102047 0.00119474 9.89791 0.102047 0.00119474 9.89791 0.772529 0 0.867696 0 0.818731 0 
1 1 0 1.99701 9 0 0.102212 0.00119661 9.89005 0.102212 0.00119661 9.89005 0.772422 0 0.867816 0 0.818731 0 
1 1 0 1.99402 9 0 0.102542 0.00120037 9.87434 0.102542 0.00120037 9.87434 0.772207 0 0.868057 0 0.818731 0 
1 1 0 1.98805 9 0 0.103206 0.00120794 9.84291 0.103206 0.00120794 9.84291 0.771774 0 0.868545 0 0.818731 0 
1 1 0 1.97873 9 0 0.104259 0.00121993 9.79379 0.104259 0.00121993 9.79379 0.771085 0 0.86932 0 0.818731 0 
1 1 0 1.96942 9 0 0.105328 0.00123212 9.74468 0.105328 0.00123212 9.74468 0.770384 0 0.870112 0 0.818731 0 
1 1 0 1.96013 9 0 0.106415 0.00124451 9.69556 0.106415 0.00124451 9.69556 0.769668 0 0.870921 0 0.818731 0 
1 1 0 1.95086 9 0 0.107519 0.0012571 9.64644 0.107519 0.0012571 9.64644 0.768938 0 0.871748 0 0.818731 0 
1 1 0 1.94161 9 0 0.108642 0.00126991 9.59732 0.108642 0.00126991 9.59732 0.768194 0 0.872593 0 0.818731 0 
1 1 0 1.93237 9 0 0.109783 0.00128294 9.54819 0.109783 0.00128294 9.54819 0.767434 0 0.873456 0 0.818731 0 
1 1 0 1.92315 9 0 0.110943 0.00129619 9.49906 0.110943 0.00129619 9.49906 0.766659 0 0.874339 0 0.818731 0 
1 1 0 1.91395 9 0 0.112123 0.00130966 9.44993 0.112123 0.00130966 9.44993 0.765868 0 0.875242 0 0.818731 0 
1 1 0 1.90477 9 0 0.113322 0.00132337 9.40079 0.113322 0.00132337 9.40079 0.765061 0 0.876165 0 0.818731 0 
1 1 0 1.89562 9 0 0.114543 0.00133733 9.35165 0.114543 0.00133733 9.35165 0.764238 0 0.877109 0 0.818731 0 
1 1 0 1.88648 9 0 0.115784 0.00135152 9.30251 0.115784 0.00135152 9.30251 0.763397 0 0.878075 0 0.818731 0 
1 1 0 1.87737 9 0 0.117047 0.00136598 9.25336 0.117047 0.00136598 9.25336 0.762539 0 0.879064 0 0.818731 0 
1 1 0 1.86828 9 0 0.118332 0.00138069 9.20421 0.118332 0.00138069 9.20421 0.761662 0 0.880075 0 0.818731 0 
1 1 0 1.85922 9 0 0.11964 0.00139567 9.15506 0.11964 0.00139567 9.15506 0.760767 0 0.881111 0 0.818731 0 
1 1 0 1.85019 9 0 0.120971 0.00141092 9.1059 0.120971 0.00141092 9.1059 0.759853 0 0.882171 0 0.818731 0 
1 1 0 1.84118 9 0 0.122327 0.00142646 9.05674 0.122327 0.00142646 9.05674 0.758919 0 0.883256 0 0.818731 0 
1 1 0 1.8322 9 0 0.123707 0.00144229 9.00757 0.123707 0.00144229 9.00757 0.757965 0 0.884368 0 0.818731 0 
1 1 0 1.82325 9 0 0.125112 0.00145841 8.9584 0.125112 0.00145841 8.9584 0.756991 0 0.885506 0 0.818731 0 
1 1 0 1.81433 9 0 0.126544 0.00147485 8.90922 0.126544 0.00147485 8.90922 0.755995 0 0.886673 0 0.818731 0 
1 1 0 1.80544 9 0 0.128002 0.0014916 8.86004 0.128002 0.0014916 8.86004 0.754977 0 0.887869 0 0.818731 0 
1 1 0 1.79659 9 0 0.129488 0.00150868 8.81085 0.129488 0.00150868 8.81085 0.753936 0 0.889094 0 0.818731 0 
1 1 0 1.78778 9 0 0.131003 0.00152609 8.76166 0.131003 0.00152609 8.76166 0.752872 0 0.890351 0 0.818731 0 
1 1 0 1.779 9 0 0.132547 0.00154385 8.71246 0.132547 0.00154385 8.71246 0.751784 0 0.891639 0 0.818731 0 
1 1 0 1.77026 9 0 0.134121 0.00156197 8.66325 0.134121 0.00156197 8.66325 0.750671 0 0.892961 0 0.818731 0 
1 1 0 1.76157 9 0 0.135727 0.00158046 8.61404 0.135727 0.00158046 8.61404 0.749533 0 0.894317 0 0.818731 0 
1 1 0 1.75291 9 0 0.137365 0.00159933 8.56482 0.137365 0.00159933 8.56482 0.748368 0 0.895709 0 0.818731 0 
1 1 0 1.74431 9 0 0.139036 0.00161859 8.5156 0.139036 0.00161859 8.5156 0.747176 0 0.897138 0 0.818731 0 
1 1 0 1.73575 9 0 0.140741 0.00163826 8.46636 0.140741 0.00163826 8.46636 0.745956 0 0.898605 0 0.818731 0 
1 1 0 1.72724 9 0 0.142482 0.00165836 8.41712 0.142482 0.00165836 8.41712 0.744707 0 0.900112 0 0.818731 0 
1 1 0 1.71878 9 0 0.14426 0.00167889 8.36788 0.14426 0.00167889 8.36788 0.743428 0 0.901661 0 0.818731 0 
1 1 0 1.71039 9 0 0.146076 0.00169987 8.31862 0.146076 0.00169987 8.31862 0.742118 0 0.903252 0 0.818731 0 
1 1 0 1.70205 9 0 0.147931 0.00172132 8.26935 0.147931 0.00172132 8.26935 0.740776 0 0.904889 0 0.818731 0 
1 1 0 1.69377 9 0 0.149828 0.00174325 8.22008 0.149828 0.00174325 8.22008 0.739401 0 0.906571 0 0.818731 0 
1 1 0 1.68556 9 0 0.151766 0.00176569 8.1708 0.151766 0.00176569 8.1708 0.737992 0 0.908303 0 0.818731 0 
1 1 0 1.67742 9 0 0.153749 0.00178865 8.1215 0.153749 0.00178865 8.1215 0.736547 0 0.910084 0 0.818731 0 
1 1 0 1.66936 9 0 0.155777 0.00181216 8.0722 0.155777 0.00181216 8.0722 0.735065 0 0.911919 0 0.818731 0 
1 1 0 1.66137 9 0 0.157853 0.00183623 8.02289 0.157853 0.00183623 8.02289 0.733546 0 0.913808 0 0.818731 0 
1 1 0 1.65346 9 0 0.159978 0.00186089 7.97356 0.159978 0.00186089 7.97356 0.731986 0 0.915755 0 0.818731 0 
1 1 0 1.64565 9 0 0.162155 0.00188617 7.92422 0.162155 0.00188617 7.92422 0.730385 0 0.917762 0 0.818731 0 
1 1 0 1.63793 9 0 0.164386 0.00191209 7.87487 0.164386 0.00191209 7.87487 0.728742 0 0.919832 0 0.818731 0 
1 1 0 1.63031 9 0 0.166672 0.00193868 7.82551 0.166672 0.00193868 7.82551 0.727054 0 0.921968 0 0.818731 0 
1 1 0 1.6228 9 0 0.169018 0.00196597 7.77613 0.169018 0.00196597 7.77613 0.725319 0 0.924172 0 0.818731 0 
1 1 0 1.6154 9 0 0.171425 0.001994 7.72674 0.171425 0.001994 7.72674 0.723536 0 0.926449 0 0.818731 0 
1 1 0 1.60813 9 0 0.173896 0.00202279 7.67734 0.173896 0.00202279 7.67734 0.721703 0 0.928803 0 0.818731 0 
1 1 0 1.60098 9 0 0.176436 0.0020524 7.62791 0.176436 0.0020524 7.62791 0.719817 0 0.931236 0 0.818731 0 
1 1 0 1.59398 9 0 0.179046 0.00208285 7.57847 0.179046 0.00208285 7.57847 0.717876 0 0.933754 0 0.818731 0 
1 1 0 1.58713 9 0 0.181731 0.0021142 7.52902 0.181731 0.0021142 7.52902 0.715878 0 0.936361 0 0.818731 0 
1 1 0 1.58045 9 0 0.184495 0.0021465 7.47954 0.184495 0.0021465 7.47954 0.713818 0 0.939063 0 0.818731 0 
1 1 0 1.57394 9 0 0.187343 0.00217979 7.43005 0.187343 0.00217979 7.43005 0.711695 0 0.941863 0 0.818731 0 
1 1 0 1.56762 9 0 0.190279 0.00221414 7.38054 0.190279 0.00221414 7.38054 0.709506 0 0.94477 0 0.818731 0 
1 1 0 1.56151 9 0 0.193309 0.00224961 7.331 0.193309 0.00224961 7.331 0.707246 0 0.947789 0 0.818731 0 
1 1 0 1.55563 9 0 0.196439 0.00228628 7.28145 0.196439 0.00228628 7.28145 0.704912 0 0.950928 0 0.818731 0 
1 1 0 1.55 9 0 0.199675 0.00232422 7.23187 0.199675 0.00232422 7.23187 0.702499 0 0.954194 0 0.818731 0 
1 1 0 1.54463 9 0 0.203025 0.00236352 7.18227 0.203025 0.00236352 7.18227 0.700002 0 0.957597 0 0.818731 0 
1 1 0 1.53957 9 0 0.206497 0.00240428 7.13265 0.206497 0.00240428 7.13265 0.697417 0 0.961146 0 0.818731 0 
1 1 0 1.53483 9 0 0.210101 0.00244661 7.08301 0.210101 0.00244661 7.08301 0.694738 0 0.964853 0 0.818731 0 
1 1 0 1.53046 9 0 0.213847 0.00249063 7.03334 0.213847 0.00249063 7.03334 0.691958 0 0.96873 0 0.818731 0 
1 1 0 1.5265 9 0 0.217747 0.00253649 6.98365 0.217747 0.00253649 6.98365 0.689069 0 0.972791 0 0.818731 0 
1 1 0 1.52299 9 0 0.221814 0.00258435 6.93394 0.221814 0.00258435 6.93394 0.686064 0 0.977051 0 0.818731 0 
1 1 0 1.51999 9 0 0.226065 0.00263438 6.88421 0.226065 0.00263438 6.88421 0.682933 0 0.981531 0 0.818731 0 
1 1 0 1.51758 9 0 0.230518 0.00268682 6.83447 0.230518 0.00268682 6.83447 0.679665 0 0.98625 0 0.818731 0 
1 1 0 1.51582 9 0 0.235194 0.0027419 6.78472 0.235194 0.0027419 6.78472 0.676248 0 0.991233 0 0.818731 0 
1 1 0 1.51482 9 0 0.240118 0.00279993 6.73497 0.240118 0.00279993 6.73497 0.672668 0 0.99651 0 0.818731 0 
1 1 0 1.51463 9 0 0.243362 0.00283816 6.70364 0.243362 0.00283816 6.70364 0.67032 0 1 0 0.818731 0 
2 1 0 1.51514 9 0 0.248759 0.00290177 6.65393 0.248759 0.00290177 6.65393 0.666435 0 1.00583 0 0.818731 0 
2 1 0 1.5168 9 0 0.254498 0.00296941 6.60429 0.254498 0.00296941 6.60429 0.662334 0 1.01206 0 0.818731 0 
2 1 0 1.51982 9 0 0.260628 0.00304164 6.55476 0.260628 0.00304164 6.55476 0.65799 0 1.01874 0 0.818731 0 
2 1 0 1.52449 9 0 0.267211 0.00311919 6.50541 0.267211 0.00311919 6.50541 0.653372 0 1.02594 0 0.818731 0 
2 1 0 1.53117 9 0 0.274324 0.0032029 6.45638 0.274324 0.0032029 6.45638 0.648441 0 1.03374 0 0.818731 0 
2 1 0 1.54038 9 0 0.282058 0.00329386 6.40784 0.282058 0.00329386 6.40784 0.64315 0 1.04224 0 0.818731 0 
2 1 0 1.55275 9 0 0.290526 0.00339331 6.36014 0.290526 0.00339331 6.36014 0.63745 0 1.05157 0 0.818731 0 
2 1 0 1.56915 9 0 0.299851 0.00350264 6.31384 0.299851 0.00350264 6.31384 0.631288 0 1.06183 0 0.818731 0 
2 1 0 1.59065 9 0 0.310144 0.003623 6.26988 0.310144 0.003623 6.26988 0.624638 0 1.07313 0 0.818731 0 
2 1 0 1.61833 9 0 0.321426 0.00375452 6.2298 0.321426 0.00375452 6.2298 0.617537 0 1.08547 0 0.818731 0 
2 1 0 1.65282 9 0 0.333508 0.00389481 6.19568 0.333508 0.00389481 6.19568 0.610159 0 1.0986 0 0.818731 0 
2 1 0 1.69355 9 0 0.345919 0.00403825 6.16947 0.345919 0.00403825 6.16947 0.602833 0 1.11195 0 0.818731 0 
2 1 0 1.73877 9 0 0.358074 0.00417797 6.15194 0.358074 0.00417797 6.15194 0.595912 0 1.12486 0 0.818731 0 
2 1 0 1.78647 9 0 0.369558 0.00430927 6.1423 0.369558 0.00430927 6.1423 0.589605 0 1.1369 0 0.818731 0 
2 1 0 1.83521 9 0 0.380224 0.00443054 6.13902 0.380224 0.00443054 6.13902 0.583953 0 1.1479 0 0.818731 0 
2 1 0 1.8842 9 0 0.390089 0.00454211 6.14057 0.390089 0.00454211 6.14057 0.5789 0 1.15792 0 0.818731 0 
2 1 0 1.93308 9 0 0.399237 0.00464504 6.14576 0.399237 0.00464504 6.14576 0.574364 0 1.16706 0 0.818731 0 
2 1 0 1.98171 9 0 0.407763 0.0047405 6.15369 0.407763 0.0047405 6.15369 0.570265 0 1.17545 0 0.818731 0 
2 1 0 2.03004 9 0 0.415755 0.00482957 6.16371 0.415755 0.00482957 6.16371 0.566535 0 1.18319 0 0.818731 0 
2 1 0 2 9 0 0.00119287 9.90577 0.101883 0.00119287 9.90577 0.101883 0.566535 0 1.18319 0 0.818731 0 
1 1 0 1.99963 9 0 0.00119334 9.9038 0.101924 0.00119334 9.9038 0.101924 0.818731 0 0.772609 0 0.867606 0 
1 1 0 1.99925 9 0 0.00119381 9.90184 0.101965 0.00119381 9.90184 0.101965 0.818731 0 0.772582 0 0.867636 0 
1 1 0 1.9985 9 0 0.00119474 9.89791 0.102047 0.00119474 9.89791 0.102047 0.818731 0 0.772529 0 0.867696 0 
1 1 0 1.99701 9 0 0.00119661 9.89005 0.102212 0.00119661 9.89005 0.102212 0.818731 0 0.772422 0 0.867816 0 
1 1 0 1.99402 9 0 0.00120037 9.87434 0.102542 0.00120037 9.87434 0.102542 0.818731 0 0.772207 0 0.868057 0 
1 1 0 1.98805 9 0 0.00120794 9.84291 0.103206 0.00120794 9.84291 0.103206 0.818731 0 0.771774 0 0.868545 0 
1 1 0 1.97873 9 0 0.00121993 9.79379 0.104259 0.00121993 9.79379 0.104259 0.818731 0 0.771085 0 0.86932 0 
1 1 0 1.96942 9 0 0.00123212 9.74468 0.105328 0.00123212 9.74468 0.105328 0.818731 0 0.770384 0 0.870112 0 
1 1 0 1.96013 9 0 0.00124451 9.69556 0.106415 0.00124451 9.69556 0.106415 0.818731 0 0.769668 0 0.870921 0 
1 1 0 1.95086 9 0 0.0012571 9.64644 0.107519 0.0012571 9.64644 0.107519 0.818731 0 0.768938 0 0.871748 0 
1 1 0 1.94161 9 0 0.00126991 9.59732 0.108642 0.00126991 9.59732 0.108642 0.818731 0 0.768194 0 0.872593 0 
1 1 0 1.93237 9 0 0.00128294 9.54819 0.109783 0.00128294 9.54819 0.109783 0.818731 0 0.767434 0 0.873456 0 
1 1 0 1.92315 9 0 0.00129619 9.49906 0.110943 0.00129619 9.49906 0.110943 0.818731 0 0.766659 0 0.874339 0 
1 1 0 1.91395 9 0 0.00130966 9.44993 0.112123 0.00130966 9.44993 0.112123 0.818731 0 0.765868 0 0.875242 0 
1 1 0 1.90477 9 0 0.00132337 9.40079 0.113322 0.00132337 9.40079 0.113322 0.818731 0 0.765061 0 0.876165 0 
1 1 0 1.89562 9 0 0.00133733 9.35165 0.114543 0.00133733 9.35165 0.114543 0.818731 0 0.764238 0 0.877109 0 
1 1 0 1.88648 9 0 0.00135152 9.30251 0.115784 0.00135152 9.30251 0.115784 0.818731 0 0.763397 0 0.878075 0 
1 1 0 1.87737 9 0 0.00136598 9.25336 0.117047 0.00136598 9.25336 0.117047 0.818731 0 0.762539 0 0.879064 0 
1 1 0 1.86828 9 0 0.00138069 9.20421 0.118332 0.00138069 9.20421 0.118332 0.818731 0 0.761662 0 0.880075 0 
1 1 0 1.85922 9 0 0.00139567 9.15506 0.11964 0.00139567 9.15506 0.11964 0.818731 0 0.760767 0 0.881111 0 
1 1 0 1.85019 9 0 0.00141092 9.1059 0.120971 0.00141092 9.1059 0.120971 0.818731 0 0.759853 0 0.882171 0 
1 1 0 1.84118 9 0 0.00142646 9.05674 0.122327 0.00142646 9.05674 0.122327 0.818731 0 0.758919 0 0.883256 0 
1 1 0 1.8322 9 0 0.00144229 9.00757 0.123707 0.00144229 9.00757 0.123707 0.818731 0 0.757965 0 0.884368 0 
1 1 0 1.82325 9 0 0.00145841 8.9584 0.125112 0.00145841 8.9584 0.125112 0.818731 0 0.756991 0 0.885506 0 
1 1 0 1.81433 9 0 0.00147485 8.90922 0.126544 0.00147485 8.90922 0.126544 0.818731 0 0.755995 0 0.886673 0 
1 1 0 1.80544 9 0 0.0014916 8.86004 0.128002 0.0014916 8.86004 0.128002 0.818731 0 0.754977 0 0.887869 0 
1 1 0 1.79659 9 0 0.00150868 8.81085 0.129488 0.00150868 8.81085 0.129488 0.818731 0 0.753936 0 0.889094 0 
1 1 0 1.78778 9 0 0.00152609 8.76166 0.131003 0.00152609 8.76166 0.131003 0.818731 0 0.752872 0 0.890351 0 
1 1 0 1.779 9 0 0.00154385 8.71246 0.132547 0.00154385 8.71246 0.132547 0.818731 0 0.751784 0 0.891639 0 
1 1 0 1.77026 9 0 0.00156197 8.66325 0.134121 0.00156197 8.66325 0.134121 0.818731 0 0.750671 0 0.892961 0 
1 1 0 1.76157 9 0 0.00158046 8.61404 0.135727 0.00158046 8.61404 0.135727 0.818731 0 0.749533 0 0.894317 0 
1 1 0 1.75291 9 0 0.00159933 8.56482 0.137365 0.00159933 8.56482 0.137365 0.818731 0 0.748368 0 0.895709 0 
1 1 0 1.74431 9 0 0.00161859 8.5156 0.139036 0.00161859 8.5156 0.139036 0.818731 0 0.747176 0 0.897138 0 
1 1 0 1.73575 9 0 0.00163826 8.46636 0.140741 0.00163826 8.46636 0.140741 0.818731 0 0.745956 0 0.898605 0 
1 1 0 1.72724 9 0 0.00165836 8.41712 0.142482 0.00165836 8.41712 0.142482 0.818731 0 0.744707 0 0.900112 0 
1 1 0 1.71878 9 0 0.00167889 8.36788 0.14426 0.00167889 8.36788 0.14426 0.818731 0 0.743428 0 0.901661 0 
1 1 0 1.71039 9 0 0.00169987 8.31862 0.146076 0.00169987 8.31862 0.146076 0.818731 0 0.742118 0 0.903252 0 
1 1 0 1.70205 9 0 0.00172132 8.26935 0.147931 0.00172132 8.26935 0.147931 0.818731 0 0.740776 0 0.904889 0 
1 1 0 1.69377 9 0 0.00174325 8.22008 0.149828 0.00174325 8.22008 0.149828 0.818731 0 0.739401 0 0.906571 0 
1 1 0 1.68556 9 0 0.00176569 8.1708 0.151766 0.00176569 8.1708 0.151766 0.818731 0 0.737992 0 0.908303 0 
1 1 0 1.67742 9 0 0.00178865 8.1215 0.153749 0.00178865 8.1215 0.153749 0.818731 0 0.736547 0 0.910084 0 
1 1 0 1.66936 9 0 0.00181216 8.0722 0.155777 0.00181216 8.0722 0.155777 0.818731 0 0.735065 0 0.911919 0 
1 1 0 1.66137 9 0 0.00183623 8.02289 0.157853 0.00183623 8.02289 0.157853 0.818731 0 0.733546 0 0.913808 0 
1 1 0 1.65346 9 0 0.00186089 7.97356 0.159978 0.00186089 7.97356 0.159978 0.818731 0 0.731986 0 0.915755 0 
1 1 0 1.64565 9 0 0.00188617 7.92422 0.162155 0.00188617 7.92422 0.162155 0.818731 0 0.730385 0 0.917762 0 
1 1 0 1.63793 9 0 0.00191209 7.87487 0.164386 0.00191209 7.87487 0.164386 0.818731 0 0.919832 0 0.728742 0 
1 1 0 1.63031 9 0 0.00193868 7.82551 0.166672 0.00193868 7.82551 0.166672 0.818731 0 0.921968 0 0.727054 0 
1 1 0 1.6228 9 0 0.00196597 7.77613 0.169018 0.00196597 7.77613 0.169018 0.818731 0 0.924172 0 0.725319 0 
1 1 0 1.6154 9 0 0.001994 7.72674 0.171425 0.001994 7.72674 0.171425 0.818731 0 0.926449 0 0.723536 0 
1 1 0 1.60813 9 0 0.00202279 7.67734 0.173896 0.00202279 7.67734 0.173896 0.818731 0 0.928803 0 0.721703 0 
1 1 0 1.60098 9 0 0.0020524 7.62791 0.176436 0.0020524 7.62791 0.176436 0.818731 0 0.931236 0 0.719817 0 
1 1 0 1.59398 9 0 0.00208285 7.57847 0.179046 0.00208285 7.57847 0.179046 0.818731 0 0.933754 0 0.717876 0 
1 1 0 1.58713 9 0 0.0021142 7.52902 0.181731 0.0021142 7.52902 0.181731 0.818731 0 0.936361 0 0.715878 0 
1 1 0 1.58045 9 0 0.0021465 7.47954 0.184495 0.0021465 7.47954 0.184495 0.818731 0 0.939063 0 0.713818 0 
1 1 0 1.57394 9 0 0.00217979 7.43005 0.187343 0.00217979 7.43005 0.187343 0.818731 0 0.941863 0 0.711695 0 
1 1 0 1.56762 9 0 0.00221414 7.38054 0.190279 0.00221414 7.38054 0.190279 0.818731 0 0.94477 0 0.709506 0 
1 1 0 1.56151 9 0 0.00224961 7.331 0.193309 0.00224961 7.331 0.193309 0.818731 0 0.947789 0 0.707246 0 
1 1 0 1.55563 9 0 0.00228628 7.28145 0.196439 0.00228628 7.28145 0.196439 0.818731 0 0.950928 0 0.704912 0 
1 1 0 1.55 9 0 0.00232422 7.23187 0.199675 0.00232422 7.23187 0.199675 0.818731 0 0.954194 0 0.702499 0 
1 1 0 1.54463 9 0 0.00236352 7.18227 0.203025 0.00236352 7.18227 0.203025 0.818731 0 0.957597 0 0.700002 0 
1 1 0 1.53957 9 0 0.00240428 7.13265 0.206497 0.00240428 7.13265 0.206497 0.818731 0 0.961146 0 0.697417 0 
1 1 0 1.53483 9 0 0.00244661 7.08301 0.210101 0.00244661 7.08301 0.210101 0.818731 0 0.964853 0 0.694738 0 
1 1 0 1.53046 9 0 0.00249063 7.03334 0.213847 0.00249063 7.03334 0.213847 0.818731 0 0.96873 0 0.691958 0 
1 1 0 1.5265 9 0 0.00253649 6.98365 0.217747 0.00253649 6.98365 0.217747 0.818731 0 0.972791 0 0.689069 0 
1 1 0 1.52299 9 0 0.00258435 6.93394 0.221814 0.00258435 6.93394 0.221814 0.818731 0 0.977051 0 0.686064 0 
1 1 0 1.51999 9 0 0.00263438 6.88421 0.226065 0.00263438 6.88421 0.226065 0.818731 0 0.981531 0 0.682933 0 
1 1 0 1.51758 9 0 0.00268682 6.83447 0.230518 0.00268682 6.83447 0.230518 0.818731 0 0.98625 0 0.679665 0 
1 1 0 1.51582 9 0 0.0027419 6.78472 0.235194 0.0027419 6.78472 0.235194 0.818731 0 0.991233 0 0.676248 0 
1 1 0 1.51482 9 0 0.00279993 6.73497 0.240118 0.00279993 6.73497 0.240118 0.818731 0 0.99651 0 0.672668 0 
1 1 0 1.51463 9 0 0.00283816 6.70364 0.243362 0.00283816 6.70364 0.243362 0.818731 0 1 0 0.67032 0 
2 1 0 1.51514 9 0 0.00290177 6.65393 0.248759 0.00290177 6.65393 0.248759 0.818731 0 1.00583 0 0.666435 0 
2 1 0 1.5168 9 0 0.00296941 6.60429 0.254498 0.00296941 6.60429 0.254498 0.818731 0 1.01206 0 0.662334 0 
2 1 0 1.51982 9 0 0.00304164 6.55476 0.260628 0.00304164 6.55476 0.260628 0.818731 0 1.01874 0 0.65799 0 
2 1 0 1.52449 9 0 0.00311919 6.50541 0.267211 0.00311919 6.50541 0.267211 0.818731 0 1.02594 0 0.653372 0 
2 1 0 1.53117 9 0 0.0032029 6.45638 0.274324 0.0032029 6.45638 0.274324 0.818731 0 1.03374 0 0.648441 0 
2 1 0 1.54038 9 0 0.00329386 6.40784 0.282058 0.00329386 6.40784 0.282058 0.818731 0 1.04224 0 0.64315 0 
2 1 0 1.55275 9 0 0.00339331 6.36014 0.290526 0.00339331 6.36014 0.290526 0.818731 0 1.05157 0 0.63745 0 
2 1 0 1.56915 9 0 0.00350264 6.31384 0.299851 0.00350264 6.31384 0.299851 0.818731 0 1.06183 0 0.631288 0 
2 1 0 1.59065 9 0 0.003623 6.26988 0.310144 0.003623 6.26988 0.310144 0.818731 0 1.07313 0 0.624638 0 
2 1 0 1.61833 9 0 0.00375452 6.2298 0.321426 0.00375452 6.2298 0.321426 0.818731 0 1.08547 0 0.617537 0 
2 1 0 1.65282 9 0 0.00389481 6.19568 0.333508 0.00389481 6.19568 0.333508 0.818731 0 1.0986 0 0.610159 0 
2 1 0 1.69355 9 0 0.00403825 6.16947 0.345919 0.00403825 6.16947 0.345919 0.818731 0 1.11195 0 0.602833 0 
2 1 0 1.73877 9 0 0.00417797 6.15194 0.358074 0.00417797 6.15194 0.358074 0.818731 0 1.12486 0 0.595912 0 
2 1 0 1.78647 9 0 0.00430927 6.1423 0.369558 0.00430927 6.1423 0.369558 0.818731 0 1.1369 0 0.589605 0 
2 1 0 1.83521 9 0 0.00443054 6.13902 0.380224 0.00443054 6.13902 0.380224 0.818731 0 1.1479 0 0.583953 0 
2 1 0 1.8842 9 0 0.00454211 6.14057 0.390089 0.00454211 6.14057 0.390089 0.818731 0 1.15792 0 0.5789 0 
2 1 0 1.93308 9 0 0.00464504 6.14576 0.399237 0.00464504 6.14576 0.399237 0.818731 0 1.16706 0 0.574364 0 
2 1 0 1.98171 9 0 0.0047405 6.15369 0.407763 0.0047405 6.15369 0.407763 0.818731 0 1.17545 0 0.570265 0 
2 1 0 2.03004 9 0 0.00482957 6.16371 0.415755 0.00482957 6.16371 0.415755 0.818731 0 1.18319 0 0.566535 0 
