2 1 0 -0.1 10 0 1.49996 2.8162 0.5 1.49996 2.8162 0.5 0 0 0 0 0 0 
1 1 0 -0.098933 10 0 1.49996 2.81451 0.5 1.49996 2.81451 0.5 0.14181 0 0.292923 0 0.141999 0 
1 1 0 -0.0978701 10 0 1.49996 2.81282 0.5 1.49996 2.81282 0.5 0.141589 0 0.29458 0 0.141778 0 
1 1 0 -0.0957567 10 0 1.49996 2.80942 0.5 1.49996 2.80942 0.5 0.141169 0 0.297966 0 0.141358 0 
1 1 0 -0.0915803 10 0 1.49996 2.8026 0.5 1.49996 2.8026 0.5 0.140405 0 0.305028 0 0.140594 0 
1 1 0 -0.0834349 10 0 1.49996 2.78883 0.5 1.49996 2.78883 0.5 0.139146 0 0.320297 0 0.139337 0 
1 1 0 -0.0717607 10 0 1.49996 2.76786 0.5 1.49996 2.76786 0.5 0.137786 0 0.346076 0 0.137979 0 
1 1 0 -0.0555685 10 0 1.49996 2.73571 0.5 1.49996 2.73571 0.5 0.136547 0 0.391423 0 0.136743 0 
1 1 0 -0.0359949 10 0 1.49996 2.6897 0.5 1.49996 2.6897 0.5 0.135719 0 0.469004 0 0.135918 0 
1 1 0 -0.0202433 10 0 1.49996 2.64224 0.5 1.49996 2.64224 0.5 0.135381 0 0.566461 0 0.135584 0 
1 1 0 -0.0087712 10 0 1.49996 2.59358 0.5 1.49996 2.59358 0.5 0.135249 0 0.688113 0 0.135452 0 
1 1 0 -0.00196892 10 0 1.49995 2.54404 0.5 1.49995 2.54404 0.5 0.135204 0 0.839334 0 0.135402 0 
1 1 0 -6.32313e-05 10 0 1.49995 2.50062 0.5 1.49995 2.50062 0.5 0.1352 0 0.999799 0 0.135385 0 
2 1 0 -0.00259141 10 0 1.49995 2.45069 0.5 1.49995 2.45069 0.5 0.135235 0 1.22535 0 0.135377 0 
2 1 0 -0.0101571 10 0 1.49996 2.40126 0.5 1.49996 2.40126 0.5 0.135345 0 1.50718 0 0.135374 0 
2 1 0 -0.0226734 10 0 1.49996 2.35285 0.5 1.49996 2.35285 0.5 0.135636 0 1.87116 0 0.135373 0 
2 1 0 -0.0401107 10 0 1.49996 2.30599 0.5 1.49996 2.30599 0.5 0.136366 0 2.37965 0 0.135372 0 
2 1 0 -0.0626572 10 0 1.49996 2.26137 0.5 1.49996 2.26137 0.5 0.1381 0 3.1958 0 0.135372 0 
2 1 0 -0.0907563 10 0 1.49996 2.22001 0.5 1.49996 2.22001 0.5 0.141912 0 4.76359 0 0.135372 0 
2 1 0 -0.124729 10 0 1.49996 2.18332 0.5 1.49996 2.18332 0.5 0.149386 0 8.32128 0 0.135372 0 
2 1 0 -0.124729 10 0 2.85315 2.50004 0.5 2.85315 2.50004 0.5 0.149386 0 8.32128 0 0.135372 0 
2 1 0 -0.1 10 0 2.8162 2.50004 0.5 2.8162 2.50004 0.5 0.149386 0 8.32128 0 0.135372 0 
1 1 0 -0.098933 10 0 2.81451 2.50004 0.5 2.81451 2.50004 0.5 0.292922 0 0.14181 0 0.141999 0 
1 1 0 -0.0978701 10 0 2.81282 2.50004 0.5 2.81282 2.50004 0.5 0.294579 0 0.141589 0 0.141778 0 
1 1 0 -0.0957567 10 0 2.80942 2.50004 0.5 2.80942 2.50004 0.5 0.297965 0 0.141169 0 0.141358 0 
1 1 0 -0.0915803 10 0 2.8026 2.50004 0.5 2.8026 2.50004 0.5 0.305027 0 0.140405 0 0.140594 0 
1 1 0 -0.0834349 10 0 2.78883 2.50004 0.5 2.78883 2.50004 0.5 0.320296 0 0.139146 0 0.139337 0 
1 1 0 -0.0717607 10 0 2.76786 2.50004 0.5 2.76786 2.50004 0.5 0.346074 0 0.137786 0 0.137979 0 
1 1 0 -0.0555684 10 0 2.73571 2.50004 0.5 2.73571 2.50004 0.5 0.39142 0 0.136547 0 0.136743 0 
1 1 0 -0.0359945 10 0 2.6897 2.50004 0.5 2.6897 2.50004 0.5 0.468995 0 0.135718 0 0.135918 0 
1 1 0 -0.0202423 10 0 2.64224 2.50004 0.5 2.64224 2.50004 0.5 0.566434 0 0.13538 0 0.135584 0 
1 1 0 -0.00876831 10 0 2.59358 2.50005 0.5 2.59358 2.50005 0.5 0.68803 0 0.135247 0 0.135452 0 
1 1 0 -0.0019612 10 0 2.54404 2.50005 0.5 2.54404 2.50005 0.5 0.839078 0 0.135199 0 0.135402 0 
1 1 0 -4.52361e-05 10 0 2.50045 2.50005 0.5 2.50045 2.50005 0.5 0.99983 0 0.135188 0 0.135385 0 
2 1 0 -0.00256304 10 0 2.45051 2.50005 0.5 2.45051 2.50005 0.5 1.22409 0 0.135202 0 0.135377 0 
2 1 0 -0.0100768 10 0 2.40108 2.50005 0.5 2.40108 2.50005 0.5 1.50165 0 0.135257 0 0.135374 0 
2 1 0 -0.0224482 10 0 2.35263 2.50006 0.5 2.35263 2.50006 0.5 1.85245 0 0.135404 0 0.135373 0 
2 1 0 -0.0395481 10 0 2.30565 2.50013 0.5 2.30565 2.50013 0.5 2.32153 0 0.135773 0 0.135372 0 
2 1 0 -0.0614044 10 0 2.26068 2.50038 0.5 2.26068 2.50038 0.5 3.0213 0 0.136653 0 0.135372 0 
2 1 0 -0.0882961 10 0 2.21853 2.50116 0.5 2.21853 2.50116 0.5 4.24326 0 0.138604 0 0.135372 0 
2 1 0 -0.12057 10 0 2.1804 2.5033 0.5 2.1804 2.5033 0.5 6.75069 0 0.142491 0 0.135373 0 
2 1 0 -0.1 10 0 0.499956 1.8162 0.5 0.499956 1.8162 0.5 6.75069 0 0.142491 0 0.135373 0 
1 1 0 -0.098933 10 0 0.499956 1.8145 0.5 0.499956 1.8145 0.5 0.141777 0 0.292917 0 0.141997 0 
1 1 0 -0.0978701 10 0 0.499956 1.81281 0.5 0.499956 1.81281 0.5 0.141557 0 0.294574 0 0.141777 0 
1 1 0 -0.0957567 10 0 0.499956 1.80941 0.5 0.499956 1.80941 0.5 0.141136 0 0.297961 0 0.141356 0 
1 1 0 -0.0915802 10 0 0.499956 1.80259 0.5 0.499956 1.80259 0.5 0.140373 0 0.305023 0 0.140593 0 
1 1 0 -0.0834348 10 0 0.499955 1.78882 0.5 0.499955 1.78882 0.5 0.139116 0 0.320293 0 0.139336 0 
1 1 0 -0.0717606 10 0 0.499955 1.76785 0.5 0.499955 1.76785 0.5 0.137758 0 0.346072 0 0.137978 0 
1 1 0 -0.0555682 10 0 0.499955 1.7357 0.5 0.499955 1.7357 0.5 0.136522 0 0.391419 0 0.136742 0 
1 1 0 -0.0359943 10 0 0.499955 1.68969 0.5 0.499955 1.68969 0.5 0.135698 0 0.468995 0 0.135918 0 
1 1 0 -0.0202421 10 0 0.499955 1.64223 0.5 0.499955 1.64223 0.5 0.135363 0 0.566435 0 0.135583 0 
1 1 0 -0.00876821 10 0 0.499955 1.59357 0.5 0.499955 1.59357 0.5 0.135233 0 0.688032 0 0.135452 0 
1 1 0 -0.00196116 10 0 0.499955 1.54403 0.5 0.499955 1.54403 0.5 0.135186 0 0.839079 0 0.135402 0 
1 1 0 -4.52454e-05 10 0 0.499955 1.50044 0.5 0.499955 1.50044 0.5 0.135176 0 0.99983 0 0.135385 0 
2 1 0 -0.00256305 10 0 0.499954 1.4505 0.5 0.499954 1.4505 0.5 0.135189 0 1.22409 0 0.135377 0 
2 1 0 -0.0100768 10 0 0.499951 1.40107 0.5 0.499951 1.40107 0.5 0.135242 0 1.50165 0 0.135374 0 
2 1 0 -0.022448 10 0 0.499935 1.35262 0.5 0.499935 1.35262 0.5 0.135386 0 1.85245 0 0.135373 0 
2 1 0 -0.0395479 10 0 0.499867 1.30564 0.5 0.499867 1.30564 0.5 0.135751 0 2.32154 0 0.135372 0 
2 1 0 -0.0614044 10 0 0.499621 1.26067 0.5 0.499621 1.26067 0.5 0.136625 0 3.02136 0 0.135372 0 
2 1 0 -0.0882966 10 0 0.49884 1.21852 0.5 0.49884 1.21852 0.5 0.13857 0 4.24346 0 0.135372 0 
2 1 0 -0.120571 10 0 0.49669 1.1804 0.5 0.49669 1.1804 0.5 0.142449 0 6.75128 0 0.135373 0 
2 1 0 -0.1 10 0 2.50004 1.1838 0.5 2.50004 1.1838 0.5 0.142449 0 6.75128 0 0.135373 0 
1 1 0 -0.098933 10 0 2.50004 1.1855 0.5 2.50004 1.1855 0.5 0.141777 0 0.292917 0 0.141997 0 
1 1 0 -0.0978701 10 0 2.50004 1.18719 0.5 2.50004 1.18719 0.5 0.141557 0 0.294574 0 0.141777 0 
1 1 0 -0.0957567 10 0 2.50004 1.19059 0.5 2.50004 1.19059 0.5 0.141136 0 0.297961 0 0.141356 0 
1 1 0 -0.0915802 10 0 2.50004 1.19741 0.5 2.50004 1.19741 0.5 0.140373 0 0.305023 0 0.140593 0 
1 1 0 -0.0834348 10 0 2.50004 1.21118 0.5 2.50004 1.21118 0.5 0.139116 0 0.320293 0 0.139336 0 
1 1 0 -0.0717606 10 0 2.50004 1.23215 0.5 2.50004 1.23215 0.5 0.137758 0 0.346072 0 0.137978 0 
1 1 0 -0.0555682 10 0 2.50005 1.2643 0.5 2.50005 1.2643 0.5 0.136522 0 0.391419 0 0.136742 0 
1 1 0 -0.0359943 10 0 2.50005 1.31031 0.5 2.50005 1.31031 0.5 0.135698 0 0.468995 0 0.135918 0 
1 1 0 -0.0202421 10 0 2.50005 1.35777 0.5 2.50005 1.35777 0.5 0.135363 0 0.566435 0 0.135583 0 
1 1 0 -0.00876821 10 0 2.50005 1.40643 0.5 2.50005 1.40643 0.5 0.135233 0 0.688032 0 0.135452 0 
1 1 0 -0.00196116 10 0 2.50005 1.45597 0.5 2.50005 1.45597 0.5 0.135186 0 0.839079 0 0.135402 0 
1 1 0 -4.52454e-05 10 0 2.50005 1.49956 0.5 2.50005 1.49956 0.5 0.135176 0 0.99983 0 0.135385 0 
2 1 0 -0.00256305 10 0 2.50005 1.5495 0.5 2.50005 1.5495 0.5 0.135189 0 1.22409 0 0.135377 0 
2 1 0 -0.0100769 10 0 2.50005 1.59893 0.5 2.50005 1.59893 0.5 0.135242 0 1.50165 0 0.135374 0 
2 1 0 -0.0224483 10 0 2.50006 1.64738 0.5 2.50006 1.64738 0.5 0.135386 0 1.85246 0 0.135373 0 
2 1 0 -0.0395484 10 0 2.50013 1.69436 0.5 2.50013 1.69436 0.5 0.135751 0 2.32155 0 0.135372 0 
2 1 0 -0.061405 10 0 2.50038 1.73933 0.5 2.50038 1.73933 0.5 0.136625 0 3.02138 0 0.135372 0 
2 1 0 -0.0882974 10 0 2.50116 1.78148 0.5 2.50116 1.78148 0.5 0.13857 0 4.2435 0 0.135372 0 
2 1 0 -0.120572 10 0 2.50331 1.8196 0.5 2.50331 1.8196 0.5 0.142449 0 6.75137 0 0.135373 0 
2 1 0 -0.1 10 0 0.183795 0.499959 0.5 0.183795 0.499959 0.5 0.142449 0 6.75137 0 0.135373 0 
1 1 0 -0.098933 10 0 0.185487 0.499959 0.5 0.185487 0.499959 0.5 0.292922 0 0.14181 0 0.141999 0 
1 1 0 -0.0978701 10 0 0.187181 0.499959 0.5 0.187181 0.499959 0.5 0.294579 0 0.141589 0 0.141778 0 
1 1 0 -0.0957567 10 0 0.190577 0.499959 0.5 0.190577 0.499959 0.5 0.297965 0 0.141169 0 0.141358 0 
1 1 0 -0.0915803 10 0 0.197401 0.499959 0.5 0.197401 0.499959 0.5 0.305027 0 0.140405 0 0.140594 0 
1 1 0 -0.0834349 10 0 0.211172 0.499958 0.5 0.211172 0.499958 0.5 0.320296 0 0.139146 0 0.139337 0 
1 1 0 -0.0717607 10 0 0.232141 0.499958 0.5 0.232141 0.499958 0.5 0.346074 0 0.137786 0 0.137979 0 
1 1 0 -0.0555684 10 0 0.264294 0.499957 0.5 0.264294 0.499957 0.5 0.39142 0 0.136547 0 0.136743 0 
1 1 0 -0.0359945 10 0 0.310304 0.499956 0.5 0.310304 0.499956 0.5 0.468995 0 0.135718 0 0.135918 0 
1 1 0 -0.0202424 10 0 0.357758 0.499955 0.5 0.357758 0.499955 0.5 0.566433 0 0.13538 0 0.135584 0 
1 1 0 -0.00876847 10 0 0.406423 0.499955 0.5 0.406423 0.499955 0.5 0.688029 0 0.135247 0 0.135452 0 
1 1 0 -0.00196136 10 0 0.455958 0.499955 0.5 0.455958 0.499955 0.5 0.839074 0 0.135199 0 0.135402 0 
1 1 0 -4.52361e-05 10 0 0.499553 0.499955 0.5 0.499553 0.499955 0.5 0.99983 0 0.135188 0 0.135385 0 
2 1 0 -0.00256303 10 0 0.549489 0.499954 0.5 0.549489 0.499954 0.5 1.22409 0 0.135202 0 0.135377 0 
2 1 0 -0.0100768 10 0 0.598921 0.499952 0.5 0.598921 0.499952 0.5 1.50164 0 0.135257 0 0.135374 0 
2 1 0 -0.0224479 10 0 0.647367 0.499936 0.5 0.647367 0.499936 0.5 1.85244 0 0.135404 0 0.135373 0 
2 1 0 -0.0395474 10 0 0.694352 0.499869 0.5 0.694352 0.499869 0.5 2.3215 0 0.135773 0 0.135372 0 
2 1 0 -0.0614035 10 0 0.739321 0.499624 0.5 0.739321 0.499624 0.5 3.02127 0 0.136653 0 0.135372 0 
2 1 0 -0.088295 10 0 0.781467 0.498844 0.5 0.781467 0.498844 0.5 4.2432 0 0.138604 0 0.135372 0 
2 1 0 -0.120568 10 0 0.819596 0.496696 0.5 0.819596 0.496696 0.5 6.75055 0 0.142491 0 0.135373 0 
2 1 0 -0.1 10 0 1.50004 0.183795 0.5 1.50004 0.183795 0.5 6.75055 0 0.142491 0 0.135373 0 
1 1 0 -0.098933 10 0 1.50004 0.185487 0.5 1.50004 0.185487 0.5 0.14181 0 0.292923 0 0.141999 0 
1 1 0 -0.0978701 10 0 1.50004 0.187181 0.5 1.50004 0.187181 0.5 0.141589 0 0.29458 0 0.141778 0 
1 1 0 -0.0957567 10 0 1.50004 0.190577 0.5 1.50004 0.190577 0.5 0.141169 0 0.297966 0 0.141358 0 
1 1 0 -0.0915803 10 0 1.50004 0.197401 0.5 1.50004 0.197401 0.5 0.140405 0 0.305028 0 0.140594 0 
1 1 0 -0.0834349 10 0 1.50004 0.211172 0.5 1.50004 0.211172 0.5 0.139146 0 0.320297 0 0.139337 0 
1 1 0 -0.0717607 10 0 1.50004 0.232141 0.5 1.50004 0.232141 0.5 0.137786 0 0.346076 0 0.137979 0 
1 1 0 -0.0555685 10 0 1.50004 0.264294 0.5 1.50004 0.264294 0.5 0.136547 0 0.391423 0 0.136743 0 
1 1 0 -0.0359949 10 0 1.50004 0.310304 0.5 1.50004 0.310304 0.5 0.135719 0 0.469004 0 0.135918 0 
1 1 0 -0.0202433 10 0 1.50004 0.357758 0.5 1.50004 0.357758 0.5 0.135381 0 0.566461 0 0.135584 0 
1 1 0 -0.0087712 10 0 1.50004 0.406425 0.5 1.50004 0.406425 0.5 0.135249 0 0.688113 0 0.135452 0 
1 1 0 -0.00196892 10 0 1.50005 0.455961 0.5 1.50005 0.455961 0.5 0.135204 0 0.839334 0 0.135402 0 
1 1 0 -6.32313e-05 10 0 1.50005 0.499376 0.5 1.50005 0.499376 0.5 0.1352 0 0.999799 0 0.135385 0 
2 1 0 -0.00259141 10 0 1.50005 0.549312 0.5 1.50005 0.549312 0.5 0.135235 0 1.22535 0 0.135377 0 
2 1 0 -0.010157 10 0 1.50004 0.598736 0.5 1.50004 0.598736 0.5 0.135345 0 1.50717 0 0.135374 0 
2 1 0 -0.0226732 10 0 1.50004 0.647145 0.5 1.50004 0.647145 0.5 0.135636 0 1.87115 0 0.135373 0 
2 1 0 -0.0401104 10 0 1.50004 0.694006 0.5 1.50004 0.694006 0.5 0.136366 0 2.37964 0 0.135372 0 
2 1 0 -0.0626569 10 0 1.50004 0.738634 0.5 1.50004 0.738634 0.5 0.1381 0 3.19578 0 0.135372 0 
2 1 0 -0.0907559 10 0 1.50004 0.779991 0.5 1.50004 0.779991 0.5 0.141912 0 4.76356 0 0.135372 0 
2 1 0 -0.124729 10 0 1.50004 0.816677 0.5 1.50004 0.816677 0.5 0.149386 0 8.32121 0 0.135372 0 
2 1 0 -0.1 10 0 1.5 1.5 0.5 1.5 1.5 0.5 0.149386 0 8.32121 0 0.135372 0 
2 1 0 -0.098 10 0 1.5 1.5 0.5 1.5 1.5 0.5 7.4092 0 0.0606795 0 0.13536 0 
2 1 0 -0.096 10 0 1.5 1.5 0.5 1.5 1.5 0.5 7.4092 0 0.0606791 0 0.13536 0 
2 1 0 -0.092 10 0 1.5 1.5 0.5 1.5 1.5 0.5 7.4092 0 0.0606782 0 0.13536 0 
2 1 0 -0.084 10 0 1.5 1.5 0.5 1.5 1.5 0.5 7.4092 0 0.0606764 0 0.13536 0 
2 1 0 -0.068 10 0 1.5 1.5 0.5 1.5 1.5 0.5 7.4092 0 0.0606729 0 0.13536 0 
2 1 0 -0.036 10 0 1.5 1.5 0.5 1.5 1.5 0.5 7.4092 0 0.0606658 0 0.13536 0 
2 1 0 0.014 10 0 1.5 1.5 0.5 1.5 1.5 0.5 7.4092 0 0.0606548 0 0.13536 0 
2 1 0 0.064 10 0 1.5 1.5 0.5 1.5 1.5 0.5 7.4092 0 0.0606438 0 0.13536 0 
2 1 0 0.114 10 0 1.5 1.5 0.5 1.5 1.5 0.5 7.4092 0 0.0606328 0 0.13536 0 
2 1 0 0.164 10 0 1.5 1.5 0.5 1.5 1.5 0.5 7.4092 0 0.0606218 0 0.13536 0 
2 1 0 0.214 10 0 1.5 1.5 0.5 1.5 1.5 0.5 7.4092 0 0.0606108 0 0.13536 0 
2 1 0 0.264 10 0 1.5 1.5 0.5 1.5 1.5 0.5 7.4092 0 0.0605998 0 0.13536 0 
2 1 0 0.314 10 0 1.5 1.5 0.5 1.5 1.5 0.5 7.4092 0 0.0605888 0 0.13536 0 
2 1 0 0.364 10 0 1.5 1.5 0.5 1.5 1.5 0.5 7.4092 0 0.0605778 0 0.13536 0 
2 1 0 0.414 10 0 1.5 1.5 0.5 1.5 1.5 0.5 7.4092 0 0.0605668 0 0.13536 0 
2 1 0 0.464 10 0 1.5 1.5 0.5 1.5 1.5 0.5 7.4092 0 0.0605558 0 0.13536 0 
2 1 0 0.514 10 0 1.5 1.5 0.5 1.5 1.5 0.5 7.4092 0 0.0605448 0 0.13536 0 
2 1 0 0.564 10 0 1.5 1.5 0.5 1.5 1.5 0.5 7.4092 0 0.0605338 0 0.13536 0 
2 1 0 0.614 10 0 1.5 1.5 0.5 1.5 1.5 0.5 7.4092 0 0.0605228 0 0.13536 0 
2 1 0 0.664 10 0 1.5 1.5 0.5 1.5 1.5 0.5 7.4092 0 0.0605118 0 0.13536 0 
2 1 0 0.714 10 0 1.5 1.5 0.5 1.5 1.5 0.5 7.4092 0 0.0605009 0 0.13536 0 
2 1 0 0.764 10 0 1.5 1.5 0.5 1.5 1.5 0.5 7.4092 0 0.0604899 0 0.13536 0 
2 1 0 0.814 10 0 1.5 1.5 0.5 1.5 1.5 0.5 7.4092 0 0.0604789 0 0.13536 0 
2 1 0 0.864 10 0 1.5 1.5 0.5 1.5 1.5 0.5 7.4092 0 0.0604679 0 0.13536 0 
2 1 0 0.914 10 0 1.5 1.5 0.5 1.5 1.5 0.5 7.4092 0 0.0604569 0 0.13536 0 
2 1 0 0.964 10 0 1.5 1.5 0.5 1.5 1.5 0.5 7.4092 0 0.060446 0 0.13536 0 
2 1 0 1.014 10 0 1.5 1.5 0.5 1.5 1.5 0.5 7.4092 0 0.060435 0 0.13536 0 
2 1 0 1.064 10 0 1.5 1.5 0.5 1.5 1.5 0.5 7.4092 0 0.060424 0 0.13536 0 
2 1 0 1.114 10 0 1.5 1.5 0.5 1.5 1.5 0.5 7.4092 0 0.0604131 0 0.13536 0 
2 1 0 1.164 10 0 1.5 1.5 0.5 1.5 1.5 0.5 7.4092 0 0.0604021 0 0.13536 0 
2 1 0 1.214 10 0 1.5 1.5 0.5 1.5 1.5 0.5 7.4092 0 0.0603911 0 0.13536 0 
2 1 0 1.264 10 0 1.5 1.5 0.5 1.5 1.5 0.5 7.4092 0 0.0603802 0 0.13536 0 
2 1 0 1.314 10 0 1.5 1.5 0.5 1.5 1.5 0.5 7.4092 0 0.0603692 0 0.13536 0 
2 1 0 1.364 10 0 1.5 1.5 0.5 1.5 1.5 0.5 7.4092 0 0.0603582 0 0.13536 0 
2 1 0 1.414 10 0 1.5 1.5 0.5 1.5 1.5 0.5 7.4092 0 0.0603473 0 0.13536 0 
2 1 0 1.464 10 0 1.5 1.5 0.5 1.5 1.5 0.5 7.4092 0 0.0603363 0 0.13536 0 
2 1 0 1.514 10 0 1.5 1.5 0.5 1.5 1.5 0.5 7.4092 0 0.0603254 0 0.13536 0 
2 1 0 1.564 10 0 1.5 1.5 0.5 1.5 1.5 0.5 7.4092 0 0.0603144 0 0.13536 0 
2 1 0 1.614 10 0 1.5 1.5 0.5 1.5 1.5 0.5 7.4092 0 0.0603035 0 0.13536 0 
2 1 0 1.664 10 0 1.5 1.5 0.5 1.5 1.5 0.5 7.4092 0 0.0602925 0 0.13536 0 
2 1 0 1.714 10 0 1.5 1.5 0.5 1.5 1.5 0.5 7.4092 0 0.0602816 0 0.13536 0 
2 1 0 1.764 10 0 1.5 1.5 0.5 1.5 1.5 0.5 7.4092 0 0.0602706 0 0.13536 0 
2 1 0 1.814 10 0 1.5 1.5 0.5 1.5 1.5 0.5 7.4092 0 0.0602597 0 0.13536 0 
2 1 0 1.864 10 0 1.5 1.5 0.5 1.5 1.5 0.5 7.4092 0 0.0602488 0 0.13536 0 
2 1 0 1.914 10 0 1.5 1.5 0.5 1.5 1.5 0.5 7.4092 0 0.0602378 0 0.13536 0 
2 1 0 1.964 10 0 1.5 1.5 0.5 1.5 1.5 0.5 7.4092 0 0.0602269 0 0.13536 0 
2 1 0 2.014 10 0 1.5 1.5 0.5 1.5 1.5 0.5 7.4092 0 0.060216 0 0.13536 0 
2 1 0 2.064 10 0 1.5 1.5 0.5 1.5 1.5 0.5 7.4092 0 0.060205 0 0.13536 0 
2 1 0 2.114 10 0 1.5 1.5 0.5 1.5 1.5 0.5 7.4092 0 0.0601941 0 0.13536 0 
2 1 0 2.164 10 0 1.5 1.5 0.5 1.5 1.5 0.5 7.4092 0 0.0601832 0 0.13536 0 
2 1 0 2.214 10 0 1.5 1.5 0.5 1.5 1.5 0.5 7.4092 0 0.0601722 0 0.13536 0 
2 1 0 2.264 10 0 1.5 1.5 0.5 1.5 1.5 0.5 7.4092 0 0.0601613 0 0.13536 0 
2 1 0 2.314 10 0 1.5 1.5 0.5 1.5 1.5 0.5 7.4092 0 0.0601504 0 0.13536 0 
2 1 0 2.364 10 0 1.5 1.5 0.5 1.5 1.5 0.5 7.4092 0 0.0601395 0 0.13536 0 
2 1 0 2.414 10 0 1.5 1.5 0.5 1.5 1.5 0.5 7.4092 0 0.0601286 0 0.13536 0 
2 1 0 2.464 10 0 1.5 1.5 0.5 1.5 1.5 0.5 7.4092 0 0.0601176 0 0.13536 0 
2 1 0 2.514 10 0 1.5 1.5 0.5 1.5 1.5 0.5 7.4092 0 0.0601067 0 0.13536 0 
2 1 0 2.564 10 0 1.5 1.5 0.5 1.5 1.5 0.5 7.4092 0 0.0600958 0 0.13536 0 
2 1 0 2.614 10 0 1.5 1.5 0.5 1.5 1.5 0.5 7.4092 0 0.0600849 0 0.13536 0 
2 1 0 2.664 10 0 1.5 1.5 0.5 1.5 1.5 0.5 7.4092 0 0.060074 0 0.13536 0 
2 1 0 2.714 10 0 1.5 1.5 0.5 1.5 1.5 0.5 7.4092 0 0.0600631 0 0.13536 0 
2 1 0 2.764 10 0 1.5 1.5 0.5 1.5 1.5 0.5 7.4092 0 0.0600522 0 0.13536 0 
2 1 0 2.814 10 0 1.5 1.5 0.5 1.5 1.5 0.5 7.4092 0 0.0600413 0 0.13536 0 
2 1 0 2.864 10 0 1.5 1.5 0.5 1.5 1.5 0.5 7.4092 0 0.0600304 0 0.13536 0 
2 1 0 2.914 10 0 1.5 1.5 0.5 1.5 1.5 0.5 7.4092 0 0.0600195 0 0.13536 0 
2 1 0 2.964 10 0 1.5 1.5 0.5 1.5 1.5 0.5 7.4092 0 0.0600086 0 0.13536 0 
2 1 0 3.014 10 0 1.5 1.5 0.5 1.5 1.5 0.5 7.4092 0 0.0599977 0 0.13536 0 
2 1 0 3.064 10 0 1.5 1.5 0.5 1.5 1.5 0.5 7.4092 0 0.0599868 0 0.13536 0 
2 1 0 3.114 10 0 1.5 1.5 0.5 1.5 1.5 0.5 7.4092 0 0.0599759 0 0.13536 0 
2 1 0 3.164 10 0 1.5 1.5 0.5 1.5 1.5 0.5 7.4092 0 0.059965 0 0.13536 0 
2 1 0 3.214 10 0 1.5 1.5 0.5 1.5 1.5 0.5 7.4092 0 0.0599542 0 0.13536 0 
2 1 0 3.264 10 0 1.5 1.5 0.5 1.5 1.5 0.5 7.4092 0 0.0599433 0 0.13536 0 
2 1 0 3.314 10 0 1.5 1.5 0.5 1.5 1.5 0.5 7.4092 0 0.0599324 0 0.13536 0 
2 1 0 3.364 10 0 1.5 1.5 0.5 1.5 1.5 0.5 7.4092 0 0.0599215 0 0.13536 0 
2 1 0 3.414 10 0 1.5 1.5 0.5 1.5 1.5 0.5 7.4092 0 0.0599106 0 0.13536 0 
2 1 0 3.464 10 0 1.5 1.5 0.5 1.5 1.5 0.5 7.4092 0 0.0598998 0 0.13536 0 
2 1 0 3.514 10 0 1.5 1.5 0.5 1.5 1.5 0.5 7.4092 0 0.0598889 0 0.13536 0 
2 1 0 3.564 10 0 1.5 1.5 0.5 1.5 1.5 0.5 7.4092 0 0.059878 0 0.13536 0 
2 1 0 3.614 10 0 1.5 1.5 0.5 1.5 1.5 0.5 7.4092 0 0.0598671 0 0.13536 0 
2 1 0 3.664 10 0 1.5 1.5 0.5 1.5 1.5 0.5 7.4092 0 0.0598563 0 0.13536 0 
2 1 0 3.714 10 0 1.5 1.5 0.5 1.5 1.5 0.5 7.4092 0 0.0598454 0 0.13536 0 
2 1 0 3.764 10 0 1.5 1.5 0.5 1.5 1.5 0.5 7.4092 0 0.0598345 0 0.13536 0 
2 1 0 3.814 10 0 1.5 1.5 0.5 1.5 1.5 0.5 7.4092 0 0.0598237 0 0.13536 0 
2 1 0 3.864 10 0 1.5 1.5 0.5 1.5 1.5 0.5 7.4092 0 0.0598128 0 0.13536 0 
2 1 0 3.914 10 0 1.5 1.5 0.5 1.5 1.5 0.5 7.4092 0 0.059802 0 0.13536 0 
2 1 0 3.964 10 0 1.5 1.5 0.5 1.5 1.5 0.5 7.4092 0 0.0597911 0 0.13536 0 
2 1 0 4.014 10 0 1.5 1.5 0.5 1.5 1.5 0.5 7.4092 0 0.0597802 0 0.13536 0 
2 1 0 4.064 10 0 1.5 1.5 0.5 1.5 1.5 0.5 7.4092 0 0.0597694 0 0.13536 0 
2 1 0 4.114 10 0 1.5 1.5 0.5 1.5 1.5 0.5 7.4092 0 0.0597585 0 0.13536 0 
2 1 0 4.164 10 0 1.5 1.5 0.5 1.5 1.5 0.5 7.4092 0 0.0597477 0 0.13536 0 
2 1 0 4.214 10 0 1.5 1.5 0.5 1.5 1.5 0.5 7.4092 0 0.0597369 0 0.13536 0 
2 1 0 4.264 10 0 1.5 1.5 0.5 1.5 1.5 0.5 7.4092 0 0.059726 0 0.13536 0 
2 1 0 4.314 10 0 1.5 1.5 0.5 1.5 1.5 0.5 7.4092 0 0.0597152 0 0.13536 0 
2 1 0 4.364 10 0 1.5 1.5 0.5 1.5 1.5 0.5 7.4092 0 0.0597043 0 0.13536 0 
2 1 0 4.414 10 0 1.5 1.5 0.5 1.5 1.5 0.5 7.4092 0 0.0596935 0 0.13536 0 
2 1 0 4.464 10 0 1.5 1.5 0.5 1.5 1.5 0.5 7.4092 0 0.0596826 0 0.13536 0 
2 1 0 4.514 10 0 1.5 1.5 0.5 1.5 1.5 0.5 7.4092 0 0.0596718 0 0.13536 0 
2 1 0 4.564 10 0 1.5 1.5 0.5 1.5 1.5 0.5 7.4092 0 0.059661 0 0.13536 0 
2 1 0 4.614 10 0 1.5 1.5 0.5 1.5 1.5 0.5 7.4092 0 0.0596502 0 0.13536 0 
2 1 0 4.664 10 0 1.5 1.5 0.5 1.5 1.5 0.5 7.4092 0 0.0596393 0 0.13536 0 
2 1 0 4.714 10 0 1.5 1.5 0.5 1.5 1.5 0.5 7.4092 0 0.0596285 0 0.13536 0 
2 1 0 4.764 10 0 1.5 1.5 0.5 1.5 1.5 0.5 7.4092 0 0.0596177 0 0.13536 0 
2 1 0 4.814 10 0 1.5 1.5 0.5 1.5 1.5 0.5 7.4092 0 0.0596069 0 0.13536 0 
2 1 0 4.864 10 0 1.5 1.5 0.5 1.5 1.5 0.5 7.4092 0 0.059596 0 0.13536 0 
2 1 0 4.914 10 0 1.5 1.5 0.5 1.5 1.5 0.5 7.4092 0 0.0595852 0 0.13536 0 
2 1 0 4.964 10 0 1.5 1.5 0.5 1.5 1.5 0.5 7.4092 0 0.0595744 0 0.13536 0 
2 1 0 5.014 10 0 1.5 1.5 0.5 1.5 1.5 0.5 7.4092 0 0.0595636 0 0.13536 0 
