2 1 0 1 10 0 1 1 0.5 1 1 0.5 0 0 0 0 0 0 
1 1 0 0.998 10 0.359483 1 1 0.5 1 1 0.5 0.000111985 -0.000553424 0.000111985 0.000553424 0.13536 0 
1 1 0 0.996 10 0.359894 1 1 0.5 1 1 0.5 0.000102934 -0.000566775 0.000102934 0.000566775 0.13536 0 
1 1 0 0.992 10 0.360721 1 1 0.5 1 1 0.5 8.34608e-05 -0.000593715 8.34608e-05 0.000593715 0.13536 0 
1 1 0 0.984 10 0.362385 1 1 0.5 1 1 0.5 3.87289e-05 -0.000648328 3.87289e-05 0.000648328 0.13536 0 
1 1 0 0.968 10 0.36576 1 1 0.5 1 1 0.5 -7.6332e-05 -0.000758333 -7.6332e-05 0.000758333 0.13536 0 
1 1 0 0.936 10 0.372702 1 1 0.5 1 1 0.5 -0.000428251 -0.000958224 -0.000428251 0.000958224 0.13536 0 
1 1 0 0.886 10 0.384093 1 1 0.5 1 1 0.5 -0.00137694 -0.00104795 -0.00137694 0.00104795 0.13536 0 
1 1 0 0.836 10 0.396202 1 1 0.5 1 1 0.5 -0.00282047 -0.000427993 -0.00282047 0.000427993 0.13536 0 
1 1 0 0.786 10 0.409099 1 1 0.5 1 1 0.5 -0.00441909 0.00160988 -0.00441909 -0.00160988 0.13536 0 
1 1 0 0.736 10 0.422864 1 1 0.5 1 1 0.5 -0.00512145 0.00582184 -0.00512145 -0.00582184 0.13536 0 
1 1 0 0.686 10 0.437587 1 1 0.5 1 1 0.5 -0.0028088 0.0124711 -0.0028088 -0.0124711 0.13536 0 
1 1 0 0.636 10 0.453373 1 1 0.5 1 1 0.5 0.00579241 0.0202638 0.00579241 -0.0202638 0.13536 0 
1 1 0 0.586 10 0.470341 1 1 0.5 1 1 0.5 0.024396 0.0247409 0.024396 -0.0247409 0.13536 0 
1 1 0 0.536 10 0.488628 1 1 0.5 1 1 0.5 0.0548512 0.0165154 0.0548512 -0.0165154 0.13536 0 
1 1 0 0.486 10 0.508395 1 1 0.5 1 1 0.5 0.0924148 -0.0194555 0.0924148 0.0194555 0.13536 0 
1 1 0 0.436 10 0.529828 1 1 0.5 1 1 0.5 0.118335 -0.101188 0.118335 0.101188 0.13536 0 
1 1 0 0.386 10 0.553148 1 1 0.5 1 1 0.5 0.0912409 -0.23993 0.0912409 0.23993 0.13536 0 
1 1 0 0.336 10 0.578615 1 1 0.5 1 1 0.5 -0.0576126 -0.419255 -0.0576126 0.419255 0.13536 0 
1 1 0 0.286 10 0.60654 1 1 0.5 1 1 0.5 -0.414711 -0.56107 -0.414711 0.56107 0.13536 0 
1 1 0 0.25 10 0.628376 1 1 0.5 1 1 0.5 -0.839565 -0.543259 -0.839565 0.543259 0.13536 0 
2 1 0 0.2 10 0.661448 1 1 0.5 1 1 0.5 -1.64409 -0.122479 -1.64409 0.122479 0.13536 0 
2 1 0 0.15 10 0.698195 1 1 0.5 1 1 0.5 -2.47557 1.12218 -2.47557 -1.12218 0.13536 0 
2 1 0 0.1 10 0.739265 1 1 0.5 1 1 0.5 -2.6949 3.58017 -2.6949 -3.58017 0.13536 0 
2 1 0 0.05 10 0.78547 1 1 0.5 1 1 0.5 -1.0696 7.30988 -1.0696 -7.30988 0.13536 0 
2 1 0 -2.35835e-08 10 0.837834 1 1 0.5 1 1 0.5 4.22971 11.4217 4.22971 -11.4217 0.13536 0 
2 1 0 -0.05 10 0.897679 1 1 0.5 1 1 0.5 15.1468 13.1827 15.1468 -13.1827 0.13536 0 
2 1 0 -0.1 10 0.966732 1 1 0.5 1 1 0.5 32.3341 7.10244 32.3341 -7.10244 0.13536 0 
4 -2 0 0.25 0.25 0.628376 1 1 0.5 1 1 0.5 32.3341 7.10244 32.3341 -7.10244 0.13536 0 
3 -2 0 0.249999 0.249999 0.628395 1.001 1.001 0.5 0.999 0.999 0.5 0.999995 0 0.999986 0 0.28461 0 
3 -2 0 0.249998 0.249998 0.62843 1.00169 1.00169 0.5 0.998307 0.998307 0.5 1 0 0.999973 0 0.284579 0 
3 -2 0 0.249976 0.249976 0.628997 1.00569 1.00569 0.5 0.994307 0.994307 0.5 1 0 0.999695 0 0.284256 0 
3 -2 0 0.249898 0.249898 0.630995 1.01169 1.01169 0.5 0.988306 0.988306 0.5 1 0 0.998713 0 0.283123 0 
3 -2 0 0.249679 0.249679 0.636571 1.0207 1.0207 0.5 0.979302 0.979302 0.5 1 0 0.995979 0 0.279983 0 
3 -2 0 0.249127 0.249127 0.650702 1.03422 1.03422 0.5 0.965784 0.965784 0.5 0.999999 0 0.98907 0 0.272182 0 
3 -2 0 0.247799 0.247799 0.684668 1.05453 1.05453 0.5 0.94547 0.94547 0.5 0.999997 0 0.972568 0 0.25431 0 
3 -2 0 0.244727 0.244727 0.763332 1.08511 1.08511 0.5 0.914889 0.914889 0.5 0.999984 0 0.934724 0 0.217301 0 
3 -2 0 0.23787 0.23787 0.939323 1.13121 1.13121 0.5 0.868792 0.868792 0.5 1 0 0.85156 0 0.152823 0 
3 -2 0 0.227553 0.227553 1.20501 1.18181 1.18181 0.5 0.818189 0.818189 0.5 1 0 0.730522 0 0.0898335 0 
3 -2 0 0.214572 0.214572 1.54215 1.23184 1.23184 0.5 0.76816 0.76816 0.5 1 0 0.586434 0 0.0457747 0 
3 -2 0 0.199036 0.199036 1.95456 1.28055 1.28055 0.5 0.719453 0.719453 0.5 1 0 0.431437 0 0.0200651 0 
3 -2 0 0.180984 0.180984 2.45627 1.32709 1.32709 0.5 0.672908 0.672907 0.5 1 0 0.282413 0 0.00735715 0 
3 -2 0 0.16047 0.16047 3.07436 1.37055 1.37055 0.5 0.629451 0.62945 0.5 1 0 0.157558 0 0.00213742 0 
3 -2 0 0.137628 0.137628 3.85646 1.40986 1.40987 0.5 0.590135 0.590135 0.5 1 0 0.0699657 0 0.000447344 0 
3 -2 0 0.112743 0.112743 4.88796 1.44376 1.44376 0.5 0.556237 0.556236 0.5 1 0 0.0219083 0 5.68582e-05 0 
3 -2 0 0.0864023 0.0864023 6.33269 1.47066 1.47066 0.5 0.529335 0.529336 0.5 1 0 0.00380321 0 3.16282e-06 0 
3 -2 0 0.0598494 0.0598494 8.5333 1.48886 1.48886 0.5 0.511145 0.511145 0.5 1 0 0.000213757 0 3.88068e-08 0 
3 -2 0 0.0355813 0.0355813 12.2636 1.49768 1.49768 0.5 0.502321 0.502321 0.5 0.999971 0 8.27603e-07 0 2.2349e-11 0 
3 -2 0 0.0171914 0.0171914 19.3132 1.49987 1.49987 0.5 0.500133 0.500133 0.5 1.00022 0 1.31867e-07 0 1.68541e-17 0 
3 -2 0 0.00648893 0.00648893 33.9113 1.50004 1.50004 0.5 0.499959 0.499959 0.5 0.997436 0 3.19021e-09 0 3.52196e-30 0 
4 -2 0 0.00174005 0.00174005 68.8011 1.50005 1.50005 0.5 0.499955 0.499955 0.5 0.930445 0 -2.8547e-10 0 -2.11251e-54 0 
4 -2 0 0.000208387 0.000208387 188.663 1.50005 1.50005 0.5 0.499955 0.499955 0.5 0.00602325 0 -5.65951e-14 0 -1.66981e-57 0 
4 -2 0 1.21984e-05 1.21984e-05 395.348 1.50005 1.50005 0.5 0.499955 0.499955 0.5 0.329053 0 -1.30679e-13 0 2.47238e-57 0 
3 -2 0 -4.01988e-05 -4.01988e-05 1247.71 1.50005 1.50005 0.5 0.499955 0.499955 0.5 1.00001 0 2.61096e-19 0 3.06483e-55 0 
3 -2 0 -4.40769e-05 -4.40769e-05 2303.66 1.50005 1.50005 0.5 0.499955 0.499955 0.5 1.03039 0 1.38077e-16 0 -4.60701e-62 0 
4 -2 0 -4.48878e-05 -4.48878e-05 3447.63 1.50005 1.50005 0.5 0.499955 0.499955 0.5 1.05355 0 -1.25909e-17 0 2.12133e-57 0 
4 -2 0 -4.52464e-05 -4.52464e-05 5687.25 1.50005 1.50005 0.5 0.499955 0.499955 0.5 1.13826 0 3.74893e-18 0 1.14149e-61 0 
4 -2 0 -4.53551e-05 -4.53551e-05 11268.9 1.50005 1.50005 0.5 0.499955 0.499955 0.5 11.501 0 2.05387e-18 0 6.55852e-62 0 
4 -2 0 -4.53641e-05 -4.53641e-05 17745.1 1.50005 1.50005 0.5 0.499955 0.499955 0.5 1.5411 0 9.83038e-17 0 2.13239e-56 0 
3 -2 0 -4.53648e-05 -4.53648e-05 23128.6 1.50005 1.50005 0.5 0.499955 0.499955 0.5 1.00407 0 5.05685e-15 0 -5.62117e-58 0 
3 -2 0 -4.53649e-05 -4.53649e-05 26736.2 1.50005 1.50005 0.5 0.499955 0.499955 0.5 0.999833 0 -1.12989e-18 0 -4.18484e-56 0 
3 -2 0 -4.53649e-05 -4.53649e-05 27701.5 1.50005 1.50005 0.5 0.499955 0.499955 0.5 0.998752 0 -0.000255092 0 0 0 
3 -2 0 -4.53649e-05 -4.53649e-05 28786 1.50005 1.50005 0.5 0.499955 0.499955 0.5 0.999875 0 -1.92775e-05 0 0 0 
3 -2 0 -4.53649e-05 -4.53649e-05 29765.2 1.50005 1.50005 0.5 0.499955 0.499955 0.5 1.00026 0 3.13647e-05 0 0 0 
3 -2 0 -4.53649e-05 -4.53649e-05 29765.2 1.50005 1.50005 0.5 0.499955 0.499955 0.5 1.00026 0 3.13647e-05 0 0 0 
2 1 0 -0.1 10 0 0.499959 1.8162 0.5 0.499959 1.8162 0.5 1.00026 0 3.13647e-05 0 0 0 
1 1 0 -0.098933 10 0 0.499959 1.81451 0.5 0.499959 1.81451 0.5 0.14181 0 0.292922 0 0.141999 0 
1 1 0 -0.0978701 10 0 0.499959 1.81282 0.5 0.499959 1.81282 0.5 0.141589 0 0.294579 0 0.141778 0 
1 1 0 -0.0957567 10 0 0.499959 1.80942 0.5 0.499959 1.80942 0.5 0.141169 0 0.297965 0 0.141358 0 
1 1 0 -0.0915803 10 0 0.499959 1.8026 0.5 0.499959 1.8026 0.5 0.140405 0 0.305027 0 0.140594 0 
1 1 0 -0.0834349 10 0 0.499958 1.78883 0.5 0.499958 1.78883 0.5 0.139146 0 0.320296 0 0.139337 0 
1 1 0 -0.0717607 10 0 0.499958 1.76786 0.5 0.499958 1.76786 0.5 0.137786 0 0.346075 0 0.137979 0 
1 1 0 -0.0555684 10 0 0.499957 1.73571 0.5 0.499957 1.73571 0.5 0.136547 0 0.39142 0 0.136743 0 
1 1 0 -0.0359945 10 0 0.499956 1.6897 0.5 0.499956 1.6897 0.5 0.135718 0 0.468995 0 0.135918 0 
1 1 0 -0.0202422 10 0 0.499955 1.64224 0.5 0.499955 1.64224 0.5 0.13538 0 0.566434 0 0.135584 0 
1 1 0 -0.00876831 10 0 0.499955 1.59358 0.5 0.499955 1.59358 0.5 0.135247 0 0.68803 0 0.135452 0 
1 1 0 -0.0019612 10 0 0.499955 1.54404 0.5 0.499955 1.54404 0.5 0.135199 0 0.839078 0 0.135402 0 
1 1 0 -4.52361e-05 10 0 0.499955 1.50045 0.5 0.499955 1.50045 0.5 0.135188 0 0.99983 0 0.135385 0 
2 1 0 -0.00256304 10 0 0.499954 1.45051 0.5 0.499954 1.45051 0.5 0.135202 0 1.22409 0 0.135377 0 
2 1 0 -0.0100768 10 0 0.499952 1.40108 0.5 0.499952 1.40108 0.5 0.135257 0 1.50164 0 0.135374 0 
2 1 0 -0.0224479 10 0 0.499936 1.35263 0.5 0.499936 1.35263 0.5 0.135404 0 1.85244 0 0.135373 0 
2 1 0 -0.0395477 10 0 0.499869 1.30565 0.5 0.499869 1.30565 0.5 0.135773 0 2.32151 0 0.135372 0 
2 1 0 -0.0614039 10 0 0.499624 1.26068 0.5 0.499624 1.26068 0.5 0.136652 0 3.02129 0 0.135372 0 
2 1 0 -0.0882955 10 0 0.498844 1.21853 0.5 0.498844 1.21853 0.5 0.138603 0 4.24325 0 0.135372 0 
2 1 0 -0.120569 10 0 0.496696 1.1804 0.5 0.496696 1.1804 0.5 0.142489 0 6.75068 0 0.135373 0 
2 1 0 -0.120569 10 0 1.84721 1.50004 0.5 1.84721 1.50004 0.5 0.142489 0 6.75068 0 0.135373 0 
2 1 0 -0.089 10 0 1.50004 0.201694 0.5 1.50004 0.201694 0.5 0.142489 0 6.75068 0 0.135373 0 
1 1 0 -0.0879774 10 0 1.50004 0.203413 0.5 1.50004 0.203413 0.5 0.139813 0 0.311528 0 0.140003 0 
1 1 0 -0.0869592 10 0 1.50004 0.205134 0.5 1.50004 0.205134 0.5 0.139656 0 0.313437 0 0.139846 0 
1 1 0 -0.084936 10 0 1.50004 0.208585 0.5 1.50004 0.208585 0.5 0.139357 0 0.317326 0 0.139548 0 
1 1 0 -0.0809432 10 0 1.50004 0.215518 0.5 1.50004 0.215518 0.5 0.138816 0 0.325391 0 0.139007 0 
1 1 0 -0.0731787 10 0 1.50004 0.229508 0.5 1.50004 0.229508 0.5 0.137928 0 0.342672 0 0.13812 0 
1 1 0 -0.0621108 10 0 1.50004 0.250803 0.5 1.50004 0.250803 0.5 0.136973 0 0.371533 0 0.137167 0 
1 1 0 -0.0469103 10 0 1.50004 0.283437 0.5 1.50004 0.283437 0.5 0.136109 0 0.421819 0 0.136307 0 
1 1 0 -0.0288842 10 0 1.50004 0.330074 0.5 1.50004 0.330074 0.5 0.135539 0 0.507287 0 0.13574 0 
1 1 0 -0.0148763 10 0 1.50004 0.378072 0.5 1.50004 0.378072 0.5 0.135309 0 0.61429 0 0.135513 0 
1 1 0 -0.00532154 10 0 1.50005 0.427151 0.5 1.50005 0.427151 0.5 0.13522 0 0.74756 0 0.135425 0 
1 1 0 -0.000562728 10 0 1.50005 0.476925 0.5 1.50005 0.476925 0.5 0.135191 0 0.912788 0 0.135392 0 
1 1 0 -4.52354e-05 10 0 1.50005 0.499561 0.5 1.50005 0.499561 0.5 0.135188 0 0.999866 0 0.135385 0 
2 1 0 -0.00256393 10 0 1.50005 0.549498 0.5 1.50005 0.549498 0.5 0.135202 0 1.22414 0 0.135377 0 
2 1 0 -0.0100786 10 0 1.50005 0.598931 0.5 1.50005 0.598931 0.5 0.135257 0 1.5017 0 0.135374 0 
2 1 0 -0.0224508 10 0 1.50006 0.647376 0.5 1.50006 0.647376 0.5 0.135404 0 1.85252 0 0.135373 0 
2 1 0 -0.0395516 10 0 1.50013 0.694362 0.5 1.50013 0.694362 0.5 0.135773 0 2.32163 0 0.135372 0 
2 1 0 -0.0614087 10 0 1.50038 0.739331 0.5 1.50038 0.739331 0.5 0.136652 0 3.02147 0 0.135372 0 
2 1 0 -0.0883014 10 0 1.50116 0.781475 0.5 1.50116 0.781475 0.5 0.138604 0 4.24358 0 0.135372 0 
2 1 0 -0.120576 10 0 1.5033 0.819603 0.5 1.5033 0.819603 0.5 0.14249 0 6.75141 0 0.135373 0 
2 1 0 -0.1 10 0 0.183795 0.499959 0.5 0.183795 0.499959 0.5 0.14249 0 6.75141 0 0.135373 0 
1 1 0 -0.098933 10 0 0.185487 0.499959 0.5 0.185487 0.499959 0.5 0.292922 0 0.14181 0 0.141999 0 
1 1 0 -0.0978701 10 0 0.187181 0.499959 0.5 0.187181 0.499959 0.5 0.294579 0 0.141589 0 0.141778 0 
1 1 0 -0.0957567 10 0 0.190577 0.499959 0.5 0.190577 0.499959 0.5 0.297965 0 0.141169 0 0.141358 0 
1 1 0 -0.0915803 10 0 0.197401 0.499959 0.5 0.197401 0.499959 0.5 0.305027 0 0.140405 0 0.140594 0 
1 1 0 -0.0834349 10 0 0.211172 0.499958 0.5 0.211172 0.499958 0.5 0.320296 0 0.139146 0 0.139337 0 
1 1 0 -0.0717607 10 0 0.232141 0.499958 0.5 0.232141 0.499958 0.5 0.346075 0 0.137786 0 0.137979 0 
1 1 0 -0.0555684 10 0 0.264294 0.499957 0.5 0.264294 0.499957 0.5 0.39142 0 0.136547 0 0.136743 0 
1 1 0 -0.0359945 10 0 0.310304 0.499956 0.5 0.310304 0.499956 0.5 0.468995 0 0.135718 0 0.135918 0 
1 1 0 -0.0202424 10 0 0.357758 0.499955 0.5 0.357758 0.499955 0.5 0.566433 0 0.13538 0 0.135584 0 
1 1 0 -0.00876847 10 0 0.406423 0.499955 0.5 0.406423 0.499955 0.5 0.688029 0 0.135247 0 0.135452 0 
1 1 0 -0.00196135 10 0 0.455958 0.499955 0.5 0.455958 0.499955 0.5 0.839074 0 0.135199 0 0.135402 0 
1 1 0 -4.52361e-05 10 0 0.499553 0.499955 0.5 0.499553 0.499955 0.5 0.99983 0 0.135188 0 0.135385 0 
2 1 0 -0.00256303 10 0 0.549489 0.499954 0.5 0.549489 0.499954 0.5 1.22409 0 0.135202 0 0.135377 0 
2 1 0 -0.0100768 10 0 0.598921 0.499952 0.5 0.598921 0.499952 0.5 1.50164 0 0.135257 0 0.135374 0 
2 1 0 -0.0224479 10 0 0.647367 0.499936 0.5 0.647367 0.499936 0.5 1.85244 0 0.135404 0 0.135373 0 
2 1 0 -0.0395475 10 0 0.694352 0.499869 0.5 0.694352 0.499869 0.5 2.32151 0 0.135773 0 0.135372 0 
2 1 0 -0.0614035 10 0 0.739321 0.499624 0.5 0.739321 0.499624 0.5 3.02127 0 0.136652 0 0.135372 0 
2 1 0 -0.0882951 10 0 0.781467 0.498844 0.5 0.781467 0.498844 0.5 4.24323 0 0.138603 0 0.135372 0 
2 1 0 -0.120569 10 0 0.819595 0.496696 0.5 0.819595 0.496696 0.5 6.75063 0 0.142489 0 0.135373 0 
2 1 0 -0.1 10 0 1.81621 1.50004 0.5 1.81621 1.50004 0.5 6.75063 0 0.142489 0 0.135373 0 
1 1 0 -0.0989331 10 0 1.81451 1.50004 0.5 1.81451 1.50004 0.5 0.292922 0 0.14181 0 0.141999 0 
1 1 0 -0.0978702 10 0 1.81282 1.50004 0.5 1.81282 1.50004 0.5 0.294579 0 0.141589 0 0.141778 0 
1 1 0 -0.0957568 10 0 1.80942 1.50004 0.5 1.80942 1.50004 0.5 0.297965 0 0.141169 0 0.141358 0 
1 1 0 -0.0915803 10 0 1.8026 1.50004 0.5 1.8026 1.50004 0.5 0.305027 0 0.140405 0 0.140594 0 
1 1 0 -0.0834349 10 0 1.78883 1.50004 0.5 1.78883 1.50004 0.5 0.320296 0 0.139146 0 0.139337 0 
1 1 0 -0.0717607 10 0 1.76786 1.50004 0.5 1.76786 1.50004 0.5 0.346074 0 0.137786 0 0.137979 0 
1 1 0 -0.0555684 10 0 1.73571 1.50004 0.5 1.73571 1.50004 0.5 0.39142 0 0.136547 0 0.136743 0 
1 1 0 -0.0359945 10 0 1.6897 1.50004 0.5 1.6897 1.50004 0.5 0.468995 0 0.135718 0 0.135918 0 
1 1 0 -0.0202423 10 0 1.64224 1.50004 0.5 1.64224 1.50004 0.5 0.566434 0 0.13538 0 0.135584 0 
1 1 0 -0.00876833 10 0 1.59358 1.50005 0.5 1.59358 1.50005 0.5 0.68803 0 0.135247 0 0.135452 0 
1 1 0 -0.00196121 10 0 1.54404 1.50005 0.5 1.54404 1.50005 0.5 0.839077 0 0.135199 0 0.135402 0 
1 1 0 -4.52361e-05 10 0 1.50045 1.50005 0.5 1.50045 1.50005 0.5 0.99983 0 0.135188 0 0.135385 0 
2 1 0 -0.00256304 10 0 1.45051 1.50005 0.5 1.45051 1.50005 0.5 1.22409 0 0.135202 0 0.135377 0 
2 1 0 -0.0100768 10 0 1.40108 1.50005 0.5 1.40108 1.50005 0.5 1.50165 0 0.135257 0 0.135374 0 
2 1 0 -0.0224482 10 0 1.35263 1.50006 0.5 1.35263 1.50006 0.5 1.85245 0 0.135404 0 0.135373 0 
2 1 0 -0.0395482 10 0 1.30565 1.50013 0.5 1.30565 1.50013 0.5 2.32153 0 0.135773 0 0.135372 0 
2 1 0 -0.0614045 10 0 1.26068 1.50038 0.5 1.26068 1.50038 0.5 3.02131 0 0.136652 0 0.135372 0 
2 1 0 -0.0882962 10 0 1.21853 1.50116 0.5 1.21853 1.50116 0.5 4.24329 0 0.138603 0 0.135372 0 
2 1 0 -0.12057 10 0 1.1804 1.5033 0.5 1.1804 1.5033 0.5 6.75077 0 0.142489 0 0.135373 0 
